crossing time (s)	slope (V/s)	crossing number
260317575000000.000000	-47.476479	125	0.000000
261361380000000.000000	-46.585415	126	0.000000
262394085000000.000000	-39.081932	127	0.000000
263438052000000.000000	-47.047184	128	0.000000
264470558000000.000000	-47.155499	129	0.000000
265514491000000.000000	-46.825951	130	0.000000
266546900000000.000000	-62.762722	131	0.000000
267590688000000.000000	-39.331333	132	0.000000
268623481000000.000000	-45.467552	133	0.000000
269666878000000.000000	-46.227383	134	0.000000
270699973000000.000000	-51.864422	135	0.000000
271743264000000.000000	-38.801933	136	0.000000
272776899000000.000000	-39.013084	137	0.000000
273819056000000.000000	-51.932079	138	0.000000
274853504000000.000000	-49.706364	139	0.000000
275895118000000.000000	-35.344501	140	0.000000
276930560000000.000000	-35.861870	141	0.000000
277970707000000.000000	-46.406582	142	0.000000
279007799000000.000000	-40.648022	143	0.000000
280046283000000.000000	-35.884197	144	0.000000
281084893000000.000000	-50.619324	145	0.000000
281474976710655.000000	-44.716228	146	0.000000
281474976710655.000000	-45.519558	147	0.000000
281474976710655.000000	-45.767609	148	0.000000
281474976710655.000000	-44.611149	149	0.000000
281474976710655.000000	-45.346642	150	0.000000
281474976710655.000000	-45.804886	151	0.000000
281474976710655.000000	-43.390713	152	0.000000
281474976710655.000000	-35.327106	153	0.000000
281474976710655.000000	-45.362957	154	0.000000
281474976710655.000000	-70.086517	155	0.000000
281474976710655.000000	-58.546528	156	0.000000
281474976710655.000000	-49.927010	157	0.000000
281474976710655.000000	-42.995804	158	0.000000
281474976710655.000000	-43.819401	159	0.000000
281474976710655.000000	-45.114883	160	0.000000
281474976710655.000000	-45.008362	161	0.000000
281474976710655.000000	-42.589928	162	0.000000
281474976710655.000000	-44.963852	163	0.000000
281474976710655.000000	-44.334885	164	0.000000
281474976710655.000000	-58.011814	165	0.000000
281474976710655.000000	-33.866234	166	0.000000
281474976710655.000000	-37.309521	167	0.000000
281474976710655.000000	-44.005009	168	0.000000
281474976710655.000000	-39.105701	169	0.000000
281474976710655.000000	-48.691730	170	0.000000
281474976710655.000000	-37.127941	171	0.000000
281474976710655.000000	-43.851860	172	0.000000
281474976710655.000000	-44.231369	173	0.000000
281474976710655.000000	-43.842873	174	0.000000
281474976710655.000000	-44.306469	175	0.000000
281474976710655.000000	-36.657238	176	0.000000
281474976710655.000000	-44.116505	177	0.000000
281474976710655.000000	-42.159519	178	0.000000
281474976710655.000000	-34.047737	179	0.000000
281474976710655.000000	-41.302677	180	0.000000
281474976710655.000000	-36.666130	181	0.000000
281474976710655.000000	-33.502453	182	0.000000
281474976710655.000000	-45.308655	183	0.000000
281474976710655.000000	-42.782238	184	0.000000
281474976710655.000000	-36.518387	185	0.000000
281474976710655.000000	-43.450649	186	0.000000
281474976710655.000000	-33.641502	187	0.000000
281474976710655.000000	-42.367302	188	0.000000
281474976710655.000000	-57.473499	189	0.000000
281474976710655.000000	-41.067158	190	0.000000
281474976710655.000000	-40.872963	191	0.000000
281474976710655.000000	-57.820141	192	0.000000
281474976710655.000000	-43.684196	193	0.000000
281474976710655.000000	-35.951366	194	0.000000
281474976710655.000000	-52.880413	195	0.000000
281474976710655.000000	-52.673504	196	0.000000
281474976710655.000000	-52.639809	197	0.000000
281474976710655.000000	-42.621864	198	0.000000
281474976710655.000000	-35.606865	199	0.000000
281474976710655.000000	-42.529152	200	0.000000
281474976710655.000000	-47.245731	201	0.000000
281474976710655.000000	-34.877285	202	0.000000
281474976710655.000000	-46.889572	203	0.000000
281474976710655.000000	-44.903061	204	0.000000
281474976710655.000000	-43.751877	205	0.000000
281474976710655.000000	-34.909809	206	0.000000
281474976710655.000000	-41.644726	207	0.000000
281474976710655.000000	-47.537540	208	0.000000
281474976710655.000000	-43.706978	209	0.000000
281474976710655.000000	-45.931831	210	0.000000
281474976710655.000000	-41.992813	211	0.000000
281474976710655.000000	-36.702450	212	0.000000
281474976710655.000000	-46.221016	213	0.000000
281474976710655.000000	-41.316284	214	0.000000
281474976710655.000000	-35.013401	215	0.000000
281474976710655.000000	-34.757599	216	0.000000
281474976710655.000000	-33.607849	217	0.000000
281474976710655.000000	-40.921352	218	0.000000
281474976710655.000000	-50.990421	219	0.000000
281474976710655.000000	-51.084511	220	0.000000
281474976710655.000000	-33.162697	221	0.000000
281474976710655.000000	-41.100594	222	0.000000
281474976710655.000000	-42.313942	223	0.000000
281474976710655.000000	-39.586647	224	0.000000
281474976710655.000000	-39.550228	225	0.000000
281474976710655.000000	-34.198036	226	0.000000
281474976710655.000000	-39.684288	227	0.000000
281474976710655.000000	-41.941822	228	0.000000
281474976710655.000000	-45.345661	229	0.000000
281474976710655.000000	-31.490570	230	0.000000
281474976710655.000000	-40.667713	231	0.000000
281474976710655.000000	-49.756500	232	0.000000
281474976710655.000000	-40.770115	233	0.000000
281474976710655.000000	-40.481544	234	0.000000
281474976710655.000000	-35.713379	235	0.000000
281474976710655.000000	-39.968948	236	0.000000
281474976710655.000000	-49.393856	237	0.000000
281474976710655.000000	-41.200867	238	0.000000
281474976710655.000000	-33.556377	239	0.000000
281474976710655.000000	-35.163330	240	0.000000
281474976710655.000000	-41.629219	241	0.000000
281474976710655.000000	-41.349960	242	0.000000
281474976710655.000000	-39.904888	243	0.000000
281474976710655.000000	-48.431210	244	0.000000
281474976710655.000000	-40.683640	245	0.000000
281474976710655.000000	-39.941696	246	0.000000
281474976710655.000000	-38.003681	247	0.000000
281474976710655.000000	-40.004402	248	0.000000
281474976710655.000000	-41.212635	249	0.000000
281474976710655.000000	-39.346779	250	0.000000
281474976710655.000000	-51.727779	251	0.000000
281474976710655.000000	-39.822437	252	0.000000
281474976710655.000000	-37.814171	253	0.000000
281474976710655.000000	-40.950802	254	0.000000
281474976710655.000000	-40.636154	255	0.000000
281474976710655.000000	-42.623753	256	0.000000
281474976710655.000000	-34.394241	257	0.000000
281474976710655.000000	-33.947231	258	0.000000
281474976710655.000000	-33.009449	259	0.000000
281474976710655.000000	-38.978981	260	0.000000
281474976710655.000000	-39.329258	261	0.000000
281474976710655.000000	-33.964542	262	0.000000
281474976710655.000000	-43.613319	263	0.000000
281474976710655.000000	-38.633953	264	0.000000
281474976710655.000000	-38.186749	265	0.000000
281474976710655.000000	-37.205082	266	0.000000
281474976710655.000000	-36.773338	267	0.000000
281474976710655.000000	-47.552853	268	0.000000
281474976710655.000000	-48.140148	269	0.000000
281474976710655.000000	-47.881073	270	0.000000
281474976710655.000000	-38.327923	271	0.000000
281474976710655.000000	-39.261280	272	0.000000
281474976710655.000000	-42.669922	273	0.000000
281474976710655.000000	-50.013042	274	0.000000
281474976710655.000000	-42.224724	275	0.000000
281474976710655.000000	-46.927921	276	0.000000
281474976710655.000000	-33.559948	277	0.000000
281474976710655.000000	-46.793453	278	0.000000
281474976710655.000000	-38.140182	279	0.000000
281474976710655.000000	-36.206806	280	0.000000
281474976710655.000000	-33.269489	281	0.000000
281474976710655.000000	-35.921818	282	0.000000
281474976710655.000000	-46.520809	283	0.000000
281474976710655.000000	-44.436970	284	0.000000
281474976710655.000000	-37.900398	285	0.000000
281474976710655.000000	-37.228710	286	0.000000
281474976710655.000000	-39.145985	287	0.000000
281474976710655.000000	-37.539604	288	0.000000
281474976710655.000000	-46.033329	289	0.000000
281474976710655.000000	-45.670307	290	0.000000
281474976710655.000000	-31.704983	291	0.000000
281474976710655.000000	-37.518299	292	0.000000
281474976710655.000000	-30.843967	293	0.000000
281474976710655.000000	-37.552856	294	0.000000
281474976710655.000000	-36.870701	295	0.000000
281474976710655.000000	-43.065598	296	0.000000
281474976710655.000000	-29.761095	297	0.000000
281474976710655.000000	-37.125477	298	0.000000
281474976710655.000000	-35.338291	299	0.000000
281474976710655.000000	-42.803425	300	0.000000
281474976710655.000000	-35.542450	301	0.000000
281474976710655.000000	-30.871504	302	0.000000
281474976710655.000000	-36.541477	303	0.000000
281474976710655.000000	-31.872051	304	0.000000
281474976710655.000000	-42.910732	305	0.000000
281474976710655.000000	-37.958019	306	0.000000
281474976710655.000000	-39.121597	307	0.000000
281474976710655.000000	-42.429493	308	0.000000
281474976710655.000000	-39.765232	309	0.000000
281474976710655.000000	-33.447868	310	0.000000
281474976710655.000000	-37.279053	311	0.000000
281474976710655.000000	-34.293835	312	0.000000
281474976710655.000000	-34.521942	313	0.000000
281474976710655.000000	-40.454857	314	0.000000
281474976710655.000000	-31.515142	315	0.000000
281474976710655.000000	-42.240711	316	0.000000
281474976710655.000000	-33.990269	317	0.000000
281474976710655.000000	-37.119015	318	0.000000
281474976710655.000000	-34.526863	319	0.000000
281474976710655.000000	-34.310055	320	0.000000
281474976710655.000000	-39.318291	321	0.000000
281474976710655.000000	-31.746960	322	0.000000
281474976710655.000000	-41.773262	323	0.000000
281474976710655.000000	-39.158436	324	0.000000
281474976710655.000000	-35.397335	325	0.000000
281474976710655.000000	-44.139442	326	0.000000
281474976710655.000000	-36.999317	327	0.000000
281474976710655.000000	-31.193094	328	0.000000
281474976710655.000000	-33.704067	329	0.000000
281474976710655.000000	-31.363010	330	0.000000
281474976710655.000000	-38.526840	331	0.000000
281474976710655.000000	-35.221268	332	0.000000
281474976710655.000000	-36.078461	333	0.000000
281474976710655.000000	-35.932999	334	0.000000
281474976710655.000000	-35.379436	335	0.000000
281474976710655.000000	-33.887768	336	0.000000
281474976710655.000000	-38.081089	337	0.000000
281474976710655.000000	-38.092003	338	0.000000
281474976710655.000000	-33.076073	339	0.000000
281474976710655.000000	-34.892036	340	0.000000
281474976710655.000000	-30.673546	341	0.000000
281474976710655.000000	-38.012405	342	0.000000
281474976710655.000000	-34.529099	343	0.000000
281474976710655.000000	-33.297653	344	0.000000
281474976710655.000000	-35.995365	345	0.000000
281474976710655.000000	-34.698795	346	0.000000
281474976710655.000000	-35.643459	347	0.000000
281474976710655.000000	-34.575935	348	0.000000
281474976710655.000000	-40.413029	349	0.000000
281474976710655.000000	-30.309643	350	0.000000
281474976710655.000000	-34.529018	351	0.000000
281474976710655.000000	-34.659615	352	0.000000
281474976710655.000000	-34.900536	353	0.000000
281474976710655.000000	-32.204700	354	0.000000
281474976710655.000000	-28.967829	355	0.000000
281474976710655.000000	-34.415943	356	0.000000
281474976710655.000000	-30.013361	357	0.000000
281474976710655.000000	-28.614037	358	0.000000
281474976710655.000000	-39.566391	359	0.000000
281474976710655.000000	-34.460014	360	0.000000
281474976710655.000000	-36.386280	361	0.000000
281474976710655.000000	-35.043053	362	0.000000
281474976710655.000000	-28.280193	363	0.000000
281474976710655.000000	-34.233574	364	0.000000
281474976710655.000000	-32.064991	365	0.000000
281474976710655.000000	-33.516392	366	0.000000
281474976710655.000000	-34.437496	367	0.000000
281474976710655.000000	-32.009251	368	0.000000
281474976710655.000000	-33.254940	369	0.000000
281474976710655.000000	-34.296761	370	0.000000
281474976710655.000000	-31.728682	371	0.000000
281474976710655.000000	-29.985893	372	0.000000
281474976710655.000000	-33.691898	373	0.000000
281474976710655.000000	-34.479527	374	0.000000
281474976710655.000000	-31.699373	375	0.000000
281474976710655.000000	-34.076565	376	0.000000
281474976710655.000000	-31.559464	377	0.000000
281474976710655.000000	-29.255568	378	0.000000
281474976710655.000000	-40.585480	379	0.000000
281474976710655.000000	-30.882835	380	0.000000
281474976710655.000000	-28.332592	381	0.000000
281474976710655.000000	-33.079517	382	0.000000
281474976710655.000000	-32.784927	383	0.000000
281474976710655.000000	-31.270847	384	0.000000
281474976710655.000000	-36.750843	385	0.000000
281474976710655.000000	-27.161551	386	0.000000
281474976710655.000000	-30.938211	387	0.000000
281474976710655.000000	-31.793438	388	0.000000
281474976710655.000000	-33.972275	389	0.000000
281474976710655.000000	-32.468689	390	0.000000
281474976710655.000000	-32.416355	391	0.000000
281474976710655.000000	-28.999474	392	0.000000
281474976710655.000000	-35.749870	393	0.000000
281474976710655.000000	-30.349300	394	0.000000
281474976710655.000000	-30.344519	395	0.000000
281474976710655.000000	-27.551424	396	0.000000
281474976710655.000000	-26.813267	397	0.000000
281474976710655.000000	-31.328436	398	0.000000
281474976710655.000000	-30.780466	399	0.000000
281474976710655.000000	-30.215593	400	0.000000
281474976710655.000000	-34.362755	401	0.000000
281474976710655.000000	-31.753952	402	0.000000
281474976710655.000000	-28.026857	403	0.000000
281474976710655.000000	-27.233660	404	0.000000
281474976710655.000000	-26.638870	405	0.000000
281474976710655.000000	-31.877987	406	0.000000
281474976710655.000000	-27.594097	407	0.000000
281474976710655.000000	-30.157473	408	0.000000
281474976710655.000000	-28.222464	409	0.000000
281474976710655.000000	-26.571243	410	0.000000
281474976710655.000000	-30.806904	411	0.000000
281474976710655.000000	-27.561684	412	0.000000
281474976710655.000000	-27.629539	413	0.000000
281474976710655.000000	-25.248621	414	0.000000
281474976710655.000000	-27.875456	415	0.000000
281474976710655.000000	-26.764454	416	0.000000
281474976710655.000000	-28.291309	417	0.000000
281474976710655.000000	-29.295776	418	0.000000
281474976710655.000000	-24.943336	419	0.000000
281474976710655.000000	-26.250107	420	0.000000
281474976710655.000000	-25.485216	421	0.000000
281474976710655.000000	-26.542824	422	0.000000
281474976710655.000000	-26.298550	423	0.000000
281474976710655.000000	-28.136890	424	0.000000
281474976710655.000000	-27.939396	425	0.000000
281474976710655.000000	-26.399817	426	0.000000
281474976710655.000000	-26.710869	427	0.000000
281474976710655.000000	-26.081154	428	0.000000
281474976710655.000000	-27.348700	429	0.000000
281474976710655.000000	-27.303940	430	0.000000
281474976710655.000000	-24.437860	431	0.000000
281474976710655.000000	-26.329544	432	0.000000
281474976710655.000000	-27.380772	433	0.000000
281474976710655.000000	-25.008234	434	0.000000
281474976710655.000000	-26.250265	435	0.000000
281474976710655.000000	-27.082804	436	0.000000
281474976710655.000000	-25.383678	437	0.000000
281474976710655.000000	-26.352633	438	0.000000
281474976710655.000000	-24.250813	439	0.000000
281474976710655.000000	-25.504238	440	0.000000
281474976710655.000000	-26.744362	441	0.000000
281474976710655.000000	-26.650436	442	0.000000
281474976710655.000000	-25.636276	443	0.000000
281474976710655.000000	-25.470999	444	0.000000
281474976710655.000000	-24.837368	445	0.000000
281474976710655.000000	-23.979980	446	0.000000
281474976710655.000000	-24.394920	447	0.000000
281474976710655.000000	-26.795172	448	0.000000
281474976710655.000000	-25.879240	449	0.000000
281474976710655.000000	-27.695660	450	0.000000
281474976710655.000000	-25.367760	451	0.000000
281474976710655.000000	-24.965336	452	0.000000
281474976710655.000000	-25.657087	453	0.000000
281474976710655.000000	-23.782572	454	0.000000
281474976710655.000000	-25.383009	455	0.000000
281474976710655.000000	-25.099216	456	0.000000
281474976710655.000000	-25.203304	457	0.000000
281474976710655.000000	-25.541763	458	0.000000
281474976710655.000000	-24.480560	459	0.000000
281474976710655.000000	-25.185894	460	0.000000
281474976710655.000000	-26.416943	461	0.000000
281474976710655.000000	-26.436131	462	0.000000
281474976710655.000000	-26.103611	463	0.000000
281474976710655.000000	-25.455242	464	0.000000
281474976710655.000000	-26.288717	465	0.000000
281474976710655.000000	-25.300175	466	0.000000
281474976710655.000000	-25.121883	467	0.000000
281474976710655.000000	-23.162413	468	0.000000
281474976710655.000000	-24.365942	469	0.000000
281474976710655.000000	-24.985277	470	0.000000
281474976710655.000000	-26.168892	471	0.000000
281474976710655.000000	-24.647766	472	0.000000
281474976710655.000000	-25.850199	473	0.000000
281474976710655.000000	-23.074902	474	0.000000
281474976710655.000000	-25.650715	475	0.000000
281474976710655.000000	-25.010954	476	0.000000
281474976710655.000000	-25.397179	477	0.000000
281474976710655.000000	-23.969845	478	0.000000
281474976710655.000000	-25.420940	479	0.000000
281474976710655.000000	-26.385511	480	0.000000
281474976710655.000000	-26.239271	481	0.000000
281474976710655.000000	-23.810484	482	0.000000
281474976710655.000000	-23.431955	483	0.000000
281474976710655.000000	-24.546417	484	0.000000
281474976710655.000000	-22.805155	485	0.000000
281474976710655.000000	-24.233952	486	0.000000
281474976710655.000000	-25.760069	487	0.000000
281474976710655.000000	-25.588966	488	0.000000
281474976710655.000000	-22.608791	489	0.000000
281474976710655.000000	-25.458319	490	0.000000
281474976710655.000000	-25.345030	491	0.000000
281474976710655.000000	-24.224415	492	0.000000
281474976710655.000000	-23.645136	493	0.000000
281474976710655.000000	-23.571238	494	0.000000
281474976710655.000000	-24.156645	495	0.000000
281474976710655.000000	-23.623833	496	0.000000
281474976710655.000000	-22.848799	497	0.000000
281474976710655.000000	-22.504965	498	0.000000
281474976710655.000000	-22.289364	499	0.000000
281474976710655.000000	-24.042692	500	0.000000
281474976710655.000000	-23.946320	501	0.000000
281474976710655.000000	-24.631308	502	0.000000
281474976710655.000000	-22.414427	503	0.000000
281474976710655.000000	-23.072172	504	0.000000
281474976710655.000000	-23.604580	505	0.000000
281474976710655.000000	-20.438448	506	0.000000
281474976710655.000000	-22.032396	507	0.000000
281474976710655.000000	-22.127701	508	0.000000
281474976710655.000000	-24.252714	509	0.000000
281474976710655.000000	-22.412477	510	0.000000
281474976710655.000000	-24.783651	511	0.000000
281474976710655.000000	-24.560785	512	0.000000
281474976710655.000000	-22.414730	513	0.000000
281474976710655.000000	-22.550581	514	0.000000
281474976710655.000000	-25.300959	515	0.000000
281474976710655.000000	-22.484240	516	0.000000
281474976710655.000000	-23.464567	517	0.000000
281474976710655.000000	-22.963120	518	0.000000
281474976710655.000000	-21.698561	519	0.000000
281474976710655.000000	-22.961395	520	0.000000
281474976710655.000000	-24.670761	521	0.000000
281474976710655.000000	-22.655773	522	0.000000
281474976710655.000000	-23.034729	523	0.000000
281474976710655.000000	-22.549204	524	0.000000
281474976710655.000000	-22.373381	525	0.000000
281474976710655.000000	-23.048059	526	0.000000
281474976710655.000000	-21.592031	527	0.000000
281474976710655.000000	-22.702267	528	0.000000
281474976710655.000000	-22.992580	529	0.000000
281474976710655.000000	-22.596012	530	0.000000
281474976710655.000000	-23.125305	531	0.000000
281474976710655.000000	-22.905012	532	0.000000
281474976710655.000000	-22.433210	533	0.000000
281474976710655.000000	-22.969940	534	0.000000
281474976710655.000000	-21.920862	535	0.000000
281474976710655.000000	-21.664560	536	0.000000
281474976710655.000000	-24.109932	537	0.000000
281474976710655.000000	-21.408768	538	0.000000
281474976710655.000000	-21.181253	539	0.000000
281474976710655.000000	-21.870947	540	0.000000
281474976710655.000000	-24.169830	541	0.000000
281474976710655.000000	-22.536335	542	0.000000
281474976710655.000000	-23.004793	543	0.000000
281474976710655.000000	-22.427645	544	0.000000
281474976710655.000000	-22.872065	545	0.000000
281474976710655.000000	-22.467682	546	0.000000
281474976710655.000000	-21.872580	547	0.000000
281474976710655.000000	-22.255474	548	0.000000
281474976710655.000000	-20.933901	549	0.000000
281474976710655.000000	-21.695618	550	0.000000
281474976710655.000000	-21.821115	551	0.000000
281474976710655.000000	-22.693262	552	0.000000
281474976710655.000000	-21.850945	553	0.000000
281474976710655.000000	-23.191534	554	0.000000
281474976710655.000000	-21.676579	555	0.000000
281474976710655.000000	-21.033653	556	0.000000
281474976710655.000000	-20.870983	557	0.000000
281474976710655.000000	-20.614208	558	0.000000
281474976710655.000000	-22.254515	559	0.000000
281474976710655.000000	-22.033026	560	0.000000
281474976710655.000000	-21.331392	561	0.000000
281474976710655.000000	-22.422327	562	0.000000
281474976710655.000000	-21.662285	563	0.000000
281474976710655.000000	-22.393906	564	0.000000
281474976710655.000000	-21.765743	565	0.000000
281474976710655.000000	-21.932634	566	0.000000
281474976710655.000000	-22.419708	567	0.000000
281474976710655.000000	-21.548746	568	0.000000
281474976710655.000000	-21.006126	569	0.000000
281474976710655.000000	-21.313173	570	0.000000
281474976710655.000000	-20.635412	571	0.000000
281474976710655.000000	-22.481464	572	0.000000
281474976710655.000000	-21.371510	573	0.000000
281474976710655.000000	-20.658186	574	0.000000
281474976710655.000000	-21.474697	575	0.000000
281474976710655.000000	-21.083029	576	0.000000
281474976710655.000000	-21.686115	577	0.000000
281474976710655.000000	-20.881433	578	0.000000
281474976710655.000000	-20.080193	579	0.000000
281474976710655.000000	-20.577576	580	0.000000
281474976710655.000000	-22.667128	581	0.000000
281474976710655.000000	-20.348337	582	0.000000
281474976710655.000000	-21.070171	583	0.000000
281474976710655.000000	-21.107418	584	0.000000
281474976710655.000000	-20.381174	585	0.000000
281474976710655.000000	-20.359488	586	0.000000
281474976710655.000000	-21.025129	587	0.000000
281474976710655.000000	-20.650002	588	0.000000
281474976710655.000000	-21.322783	589	0.000000
281474976710655.000000	-21.134462	590	0.000000
281474976710655.000000	-21.753267	591	0.000000
281474976710655.000000	-20.687704	592	0.000000
281474976710655.000000	-20.255585	593	0.000000
281474976710655.000000	-20.254433	594	0.000000
281474976710655.000000	-20.249014	595	0.000000
281474976710655.000000	-20.426495	596	0.000000
281474976710655.000000	-21.470133	597	0.000000
281474976710655.000000	-20.554369	598	0.000000
281474976710655.000000	-20.094603	599	0.000000
281474976710655.000000	-21.804953	600	0.000000
281474976710655.000000	-19.768293	601	0.000000
281474976710655.000000	-20.079378	602	0.000000
281474976710655.000000	-20.295042	603	0.000000
281474976710655.000000	-21.157635	604	0.000000
281474976710655.000000	-20.363695	605	0.000000
281474976710655.000000	-20.614462	606	0.000000
281474976710655.000000	-20.916468	607	0.000000
281474976710655.000000	-20.585081	608	0.000000
281474976710655.000000	-21.368065	609	0.000000
281474976710655.000000	-20.094854	610	0.000000
281474976710655.000000	-20.510187	611	0.000000
281474976710655.000000	-20.111559	612	0.000000
281474976710655.000000	-19.631773	613	0.000000
281474976710655.000000	-20.456255	614	0.000000
281474976710655.000000	-21.140841	615	0.000000
281474976710655.000000	-20.514500	616	0.000000
281474976710655.000000	-19.625046	617	0.000000
281474976710655.000000	-19.942381	618	0.000000
281474976710655.000000	-19.195889	619	0.000000
281474976710655.000000	-19.966658	620	0.000000
281474976710655.000000	-18.783978	621	0.000000
281474976710655.000000	-20.117617	622	0.000000
281474976710655.000000	-21.079636	623	0.000000
281474976710655.000000	-19.505903	624	0.000000
281474976710655.000000	-20.312229	625	0.000000
281474976710655.000000	-19.147240	626	0.000000
281474976710655.000000	-20.182695	627	0.000000
281474976710655.000000	-19.253325	628	0.000000
281474976710655.000000	-19.889036	629	0.000000
281474976710655.000000	-20.272499	630	0.000000
281474976710655.000000	-20.307989	631	0.000000
281474976710655.000000	-19.278862	632	0.000000
281474976710655.000000	-19.586187	633	0.000000
281474976710655.000000	-19.430479	634	0.000000
281474976710655.000000	-19.311165	635	0.000000
281474976710655.000000	-18.987268	636	0.000000
281474976710655.000000	-19.132915	637	0.000000
281474976710655.000000	-20.353327	638	0.000000
281474976710655.000000	-19.267519	639	0.000000
281474976710655.000000	-18.764111	640	0.000000
281474976710655.000000	-20.255928	641	0.000000
281474976710655.000000	-20.131773	642	0.000000
281474976710655.000000	-19.742119	643	0.000000
281474976710655.000000	-21.031328	644	0.000000
281474976710655.000000	-18.720623	645	0.000000
281474976710655.000000	-19.407627	646	0.000000
281474976710655.000000	-19.020832	647	0.000000
281474976710655.000000	-20.116861	648	0.000000
281474976710655.000000	-20.646524	649	0.000000
281474976710655.000000	-20.271749	650	0.000000
281474976710655.000000	-18.768530	651	0.000000
281474976710655.000000	-18.865915	652	0.000000
281474976710655.000000	-18.924152	653	0.000000
281474976710655.000000	-19.794214	654	0.000000
281474976710655.000000	-19.050852	655	0.000000
281474976710655.000000	-18.571964	656	0.000000
281474976710655.000000	-18.574537	657	0.000000
281474976710655.000000	-19.384727	658	0.000000
281474976710655.000000	-18.660254	659	0.000000
281474976710655.000000	-18.730379	660	0.000000
281474976710655.000000	-19.233187	661	0.000000
281474976710655.000000	-19.367208	662	0.000000
281474976710655.000000	-20.211161	663	0.000000
281474976710655.000000	-18.651060	664	0.000000
281474976710655.000000	-19.498236	665	0.000000
281474976710655.000000	-18.129873	666	0.000000
281474976710655.000000	-19.004763	667	0.000000
281474976710655.000000	-19.012466	668	0.000000
281474976710655.000000	-19.265226	669	0.000000
281474976710655.000000	-18.976095	670	0.000000
281474976710655.000000	-18.343691	671	0.000000
281474976710655.000000	-18.167898	672	0.000000
281474976710655.000000	-19.324484	673	0.000000
281474976710655.000000	-19.096832	674	0.000000
281474976710655.000000	-18.736282	675	0.000000
281474976710655.000000	-18.048800	676	0.000000
281474976710655.000000	-18.096947	677	0.000000
281474976710655.000000	-18.390501	678	0.000000
281474976710655.000000	-17.834295	679	0.000000
281474976710655.000000	-18.574520	680	0.000000
281474976710655.000000	-18.459078	681	0.000000
281474976710655.000000	-18.198933	682	0.000000
281474976710655.000000	-18.704496	683	0.000000
281474976710655.000000	-19.363371	684	0.000000
281474976710655.000000	-18.140030	685	0.000000
281474976710655.000000	-18.621105	686	0.000000
281474976710655.000000	-18.052809	687	0.000000
281474976710655.000000	-19.105091	688	0.000000
281474976710655.000000	-18.170994	689	0.000000
281474976710655.000000	-18.632689	690	0.000000
281474976710655.000000	-17.570992	691	0.000000
281474976710655.000000	-17.694857	692	0.000000
281474976710655.000000	-18.168941	693	0.000000
281474976710655.000000	-17.595898	694	0.000000
281474976710655.000000	-18.319439	695	0.000000
281474976710655.000000	-17.925789	696	0.000000
281474976710655.000000	-18.327089	697	0.000000
281474976710655.000000	-18.308126	698	0.000000
281474976710655.000000	-17.431288	699	0.000000
281474976710655.000000	-17.602299	700	0.000000
281474976710655.000000	-17.896641	701	0.000000
281474976710655.000000	-17.848309	702	0.000000
281474976710655.000000	-17.333652	703	0.000000
281474976710655.000000	-17.754454	704	0.000000
281474976710655.000000	-17.412167	705	0.000000
281474976710655.000000	-17.517931	706	0.000000
281474976710655.000000	-17.439915	707	0.000000
281474976710655.000000	-18.859205	708	0.000000
281474976710655.000000	-18.198381	709	0.000000
281474976710655.000000	-17.690941	710	0.000000
281474976710655.000000	-17.717100	711	0.000000
281474976710655.000000	-17.216885	712	0.000000
281474976710655.000000	-17.845512	713	0.000000
281474976710655.000000	-17.890537	714	0.000000
281474976710655.000000	-17.493877	715	0.000000
281474976710655.000000	-17.444242	716	0.000000
281474976710655.000000	-16.893711	717	0.000000
281474976710655.000000	-17.386723	718	0.000000
281474976710655.000000	-16.888023	719	0.000000
281474976710655.000000	-16.880360	720	0.000000
281474976710655.000000	-18.594339	721	0.000000
281474976710655.000000	-16.903069	722	0.000000
281474976710655.000000	-17.596533	723	0.000000
281474976710655.000000	-17.681110	724	0.000000
281474976710655.000000	-17.005924	725	0.000000
281474976710655.000000	-16.550657	726	0.000000
281474976710655.000000	-17.038298	727	0.000000
281474976710655.000000	-17.379000	728	0.000000
281474976710655.000000	-18.153444	729	0.000000
281474976710655.000000	-17.497032	730	0.000000
281474976710655.000000	-16.829716	731	0.000000
281474976710655.000000	-16.930868	732	0.000000
281474976710655.000000	-16.722441	733	0.000000
281474976710655.000000	-17.100378	734	0.000000
281474976710655.000000	-16.886314	735	0.000000
281474976710655.000000	-17.656935	736	0.000000
281474976710655.000000	-17.158134	737	0.000000
281474976710655.000000	-16.715660	738	0.000000
281474976710655.000000	-16.993414	739	0.000000
281474976710655.000000	-17.522629	740	0.000000
281474976710655.000000	-16.629101	741	0.000000
281474976710655.000000	-17.137079	742	0.000000
281474976710655.000000	-17.648695	743	0.000000
281474976710655.000000	-16.930731	744	0.000000
281474976710655.000000	-16.721512	745	0.000000
281474976710655.000000	-18.012220	746	0.000000
281474976710655.000000	-16.363054	747	0.000000
281474976710655.000000	-17.052788	748	0.000000
281474976710655.000000	-17.124918	749	0.000000
281474976710655.000000	-16.560892	750	0.000000
281474976710655.000000	-16.307028	751	0.000000
281474976710655.000000	-16.700682	752	0.000000
281474976710655.000000	-16.684334	753	0.000000
281474976710655.000000	-16.884560	754	0.000000
281474976710655.000000	-16.641844	755	0.000000
281474976710655.000000	-16.587683	756	0.000000
281474976710655.000000	-17.055574	757	0.000000
281474976710655.000000	-16.728035	758	0.000000
281474976710655.000000	-16.022310	759	0.000000
281474976710655.000000	-17.024487	760	0.000000
281474976710655.000000	-16.430519	761	0.000000
281474976710655.000000	-17.191137	762	0.000000
281474976710655.000000	-16.167818	763	0.000000
281474976710655.000000	-16.459354	764	0.000000
281474976710655.000000	-16.263454	765	0.000000
281474976710655.000000	-16.230970	766	0.000000
281474976710655.000000	-16.875538	767	0.000000
281474976710655.000000	-16.342831	768	0.000000
281474976710655.000000	-16.163860	769	0.000000
281474976710655.000000	-17.009007	770	0.000000
281474976710655.000000	-16.280577	771	0.000000
281474976710655.000000	-16.551785	772	0.000000
281474976710655.000000	-16.829798	773	0.000000
281474976710655.000000	-15.859733	774	0.000000
281474976710655.000000	-16.129847	775	0.000000
281474976710655.000000	-16.319017	776	0.000000
281474976710655.000000	-15.851705	777	0.000000
281474976710655.000000	-16.641041	778	0.000000
281474976710655.000000	-16.328100	779	0.000000
281474976710655.000000	-15.923567	780	0.000000
281474976710655.000000	-16.504686	781	0.000000
281474976710655.000000	-16.481161	782	0.000000
281474976710655.000000	-15.907063	783	0.000000
281474976710655.000000	-15.818680	784	0.000000
281474976710655.000000	-15.752408	785	0.000000
281474976710655.000000	-16.031763	786	0.000000
281474976710655.000000	-15.451863	787	0.000000
281474976710655.000000	-15.783125	788	0.000000
281474976710655.000000	-15.823891	789	0.000000
281474976710655.000000	-16.172821	790	0.000000
281474976710655.000000	-16.317102	791	0.000000
281474976710655.000000	-15.646656	792	0.000000
281474976710655.000000	-15.888818	793	0.000000
281474976710655.000000	-15.847034	794	0.000000
281474976710655.000000	-16.656315	795	0.000000
281474976710655.000000	-15.595260	796	0.000000
281474976710655.000000	-15.873575	797	0.000000
281474976710655.000000	-15.910032	798	0.000000
281474976710655.000000	-15.734842	799	0.000000
281474976710655.000000	-15.877763	800	0.000000
281474976710655.000000	-16.624752	801	0.000000
281474976710655.000000	-15.552085	802	0.000000
281474976710655.000000	-15.339151	803	0.000000
281474976710655.000000	-15.227432	804	0.000000
281474976710655.000000	-15.385411	805	0.000000
281474976710655.000000	-15.401789	806	0.000000
281474976710655.000000	-15.540383	807	0.000000
281474976710655.000000	-15.105387	808	0.000000
281474976710655.000000	-15.269880	809	0.000000
281474976710655.000000	-15.554712	810	0.000000
281474976710655.000000	-15.370829	811	0.000000
281474976710655.000000	-15.273030	812	0.000000
281474976710655.000000	-15.688430	813	0.000000
281474976710655.000000	-15.530433	814	0.000000
281474976710655.000000	-15.844172	815	0.000000
281474976710655.000000	-15.626987	816	0.000000
281474976710655.000000	-15.202826	817	0.000000
281474976710655.000000	-15.310023	818	0.000000
281474976710655.000000	-15.115571	819	0.000000
281474976710655.000000	-15.785502	820	0.000000
281474976710655.000000	-15.306066	821	0.000000
281474976710655.000000	-14.970478	822	0.000000
281474976710655.000000	-15.553832	823	0.000000
281474976710655.000000	-14.864663	824	0.000000
281474976710655.000000	-16.130293	825	0.000000
281474976710655.000000	-15.582229	826	0.000000
281474976710655.000000	-14.965861	827	0.000000
281474976710655.000000	-15.254312	828	0.000000
281474976710655.000000	-15.289891	829	0.000000
281474976710655.000000	-15.869525	830	0.000000
281474976710655.000000	-15.012379	831	0.000000
281474976710655.000000	-14.822458	832	0.000000
281474976710655.000000	-15.338500	833	0.000000
281474976710655.000000	-14.992203	834	0.000000
281474976710655.000000	-15.073840	835	0.000000
281474976710655.000000	-14.715141	836	0.000000
281474976710655.000000	-15.059459	837	0.000000
281474976710655.000000	-15.374013	838	0.000000
281474976710655.000000	-14.867038	839	0.000000
281474976710655.000000	-14.992635	840	0.000000
281474976710655.000000	-14.532939	841	0.000000
281474976710655.000000	-15.262666	842	0.000000
281474976710655.000000	-15.145996	843	0.000000
281474976710655.000000	-14.428375	844	0.000000
281474976710655.000000	-15.011589	845	0.000000
281474976710655.000000	-14.739493	846	0.000000
281474976710655.000000	-14.540128	847	0.000000
281474976710655.000000	-14.518802	848	0.000000
281474976710655.000000	-14.718335	849	0.000000
281474976710655.000000	-14.395083	850	0.000000
281474976710655.000000	-14.537151	851	0.000000
281474976710655.000000	-14.982984	852	0.000000
281474976710655.000000	-14.867872	853	0.000000
281474976710655.000000	-14.372026	854	0.000000
281474976710655.000000	-14.749479	855	0.000000
281474976710655.000000	-14.589743	856	0.000000
281474976710655.000000	-14.280807	857	0.000000
281474976710655.000000	-14.237212	858	0.000000
281474976710655.000000	-15.254494	859	0.000000
281474976710655.000000	-14.770790	860	0.000000
281474976710655.000000	-14.653390	861	0.000000
281474976710655.000000	-14.751960	862	0.000000
281474976710655.000000	-15.370004	863	0.000000
281474976710655.000000	-14.461706	864	0.000000
281474976710655.000000	-14.147863	865	0.000000
281474976710655.000000	-14.518852	866	0.000000
281474976710655.000000	-14.173798	867	0.000000
281474976710655.000000	-14.424949	868	0.000000
281474976710655.000000	-14.334136	869	0.000000
281474976710655.000000	-14.337394	870	0.000000
281474976710655.000000	-14.340427	871	0.000000
281474976710655.000000	-14.445989	872	0.000000
281474976710655.000000	-14.495666	873	0.000000
281474976710655.000000	-13.951536	874	0.000000
281474976710655.000000	-14.064178	875	0.000000
281474976710655.000000	-14.151339	876	0.000000
281474976710655.000000	-14.564276	877	0.000000
281474976710655.000000	-13.952295	878	0.000000
281474976710655.000000	-14.597871	879	0.000000
281474976710655.000000	-14.179944	880	0.000000
281474976710655.000000	-13.876478	881	0.000000
281474976710655.000000	-14.038073	882	0.000000
281474976710655.000000	-14.057997	883	0.000000
281474976710655.000000	-14.198045	884	0.000000
281474976710655.000000	-14.165941	885	0.000000
281474976710655.000000	-14.271445	886	0.000000
281474976710655.000000	-14.112354	887	0.000000
281474976710655.000000	-13.978274	888	0.000000
281474976710655.000000	-14.063316	889	0.000000
281474976710655.000000	-13.906425	890	0.000000
281474976710655.000000	-13.818541	891	0.000000
281474976710655.000000	-14.524129	892	0.000000
281474976710655.000000	-13.780256	893	0.000000
281474976710655.000000	-14.334918	894	0.000000
281474976710655.000000	-13.935973	895	0.000000
281474976710655.000000	-14.058017	896	0.000000
281474976710655.000000	-13.777308	897	0.000000
281474976710655.000000	-13.699908	898	0.000000
281474976710655.000000	-13.718057	899	0.000000
281474976710655.000000	-13.632637	900	0.000000
281474976710655.000000	-14.052550	901	0.000000
281474976710655.000000	-13.665221	902	0.000000
281474976710655.000000	-13.989523	903	0.000000
281474976710655.000000	-13.694496	904	0.000000
281474976710655.000000	-13.473336	905	0.000000
281474976710655.000000	-13.679093	906	0.000000
281474976710655.000000	-13.781161	907	0.000000
281474976710655.000000	-13.967042	908	0.000000
281474976710655.000000	-13.634881	909	0.000000
281474976710655.000000	-13.262459	910	0.000000
281474976710655.000000	-13.967917	911	0.000000
281474976710655.000000	-13.700796	912	0.000000
281474976710655.000000	-14.008733	913	0.000000
281474976710655.000000	-13.450233	914	0.000000
281474976710655.000000	-13.447922	915	0.000000
281474976710655.000000	-13.794273	916	0.000000
281474976710655.000000	-13.289233	917	0.000000
281474976710655.000000	-13.428680	918	0.000000
281474976710655.000000	-13.447232	919	0.000000
281474976710655.000000	-13.192912	920	0.000000
281474976710655.000000	-13.489288	921	0.000000
281474976710655.000000	-13.579706	922	0.000000
281474976710655.000000	-13.674542	923	0.000000
281474976710655.000000	-13.418774	924	0.000000
281474976710655.000000	-13.583810	925	0.000000
281474976710655.000000	-13.153230	926	0.000000
281474976710655.000000	-13.683523	927	0.000000
281474976710655.000000	-13.241901	928	0.000000
281474976710655.000000	-13.591639	929	0.000000
281474976710655.000000	-13.227475	930	0.000000
281474976710655.000000	-13.196609	931	0.000000
281474976710655.000000	-13.391700	932	0.000000
281474976710655.000000	-13.245482	933	0.000000
281474976710655.000000	-13.240352	934	0.000000
281474976710655.000000	-13.385567	935	0.000000
281474976710655.000000	-13.302612	936	0.000000
281474976710655.000000	-13.210121	937	0.000000
281474976710655.000000	-13.291284	938	0.000000
281474976710655.000000	-13.243196	939	0.000000
281474976710655.000000	-13.041306	940	0.000000
281474976710655.000000	-13.729634	941	0.000000
281474976710655.000000	-13.231740	942	0.000000
281474976710655.000000	-13.163611	943	0.000000
281474976710655.000000	-13.201793	944	0.000000
281474976710655.000000	-13.368878	945	0.000000
281474976710655.000000	-13.094932	946	0.000000
281474976710655.000000	-13.347840	947	0.000000
281474976710655.000000	-13.044815	948	0.000000
281474976710655.000000	-12.720608	949	0.000000
281474976710655.000000	-12.774813	950	0.000000
281474976710655.000000	-12.957667	951	0.000000
281474976710655.000000	-12.947710	952	0.000000
281474976710655.000000	-13.013101	953	0.000000
281474976710655.000000	-13.296771	954	0.000000
281474976710655.000000	-12.738961	955	0.000000
281474976710655.000000	-13.029005	956	0.000000
281474976710655.000000	-12.989443	957	0.000000
281474976710655.000000	-13.060162	958	0.000000
281474976710655.000000	-12.989032	959	0.000000
281474976710655.000000	-12.903956	960	0.000000
281474976710655.000000	-12.454246	961	0.000000
281474976710655.000000	-12.784834	962	0.000000
281474976710655.000000	-12.864558	963	0.000000
281474976710655.000000	-12.438472	964	0.000000
281474976710655.000000	-13.042524	965	0.000000
281474976710655.000000	-12.320380	966	0.000000
281474976710655.000000	-12.788134	967	0.000000
281474976710655.000000	-12.649992	968	0.000000
281474976710655.000000	-12.632565	969	0.000000
281474976710655.000000	-12.829655	970	0.000000
281474976710655.000000	-12.490764	971	0.000000
281474976710655.000000	-12.426876	972	0.000000
281474976710655.000000	-12.721951	973	0.000000
281474976710655.000000	-13.292145	974	0.000000
281474976710655.000000	-12.681278	975	0.000000
281474976710655.000000	-12.593783	976	0.000000
281474976710655.000000	-12.480502	977	0.000000
281474976710655.000000	-12.511158	978	0.000000
281474976710655.000000	-12.848817	979	0.000000
281474976710655.000000	-12.473462	980	0.000000
281474976710655.000000	-12.757311	981	0.000000
281474976710655.000000	-12.644737	982	0.000000
281474976710655.000000	-12.837195	983	0.000000
281474976710655.000000	-12.274657	984	0.000000
281474976710655.000000	-12.658234	985	0.000000
281474976710655.000000	-12.283633	986	0.000000
281474976710655.000000	-12.346338	987	0.000000
281474976710655.000000	-12.281740	988	0.000000
281474976710655.000000	-12.656094	989	0.000000
281474976710655.000000	-12.455273	990	0.000000
281474976710655.000000	-12.335649	991	0.000000
281474976710655.000000	-12.324626	992	0.000000
281474976710655.000000	-12.591329	993	0.000000
281474976710655.000000	-11.943307	994	0.000000
281474976710655.000000	-12.516375	995	0.000000
281474976710655.000000	-12.264870	996	0.000000
281474976710655.000000	-12.390766	997	0.000000
281474976710655.000000	-12.588325	998	0.000000
281474976710655.000000	-12.243604	999	0.000000
281474976710655.000000	-12.077153	1000	0.000000
281474976710655.000000	-12.337155	1001	0.000000
281474976710655.000000	-12.535924	1002	0.000000
281474976710655.000000	-12.239381	1003	0.000000
281474976710655.000000	-12.170779	1004	0.000000
281474976710655.000000	-12.301940	1005	0.000000
281474976710655.000000	-11.751554	1006	0.000000
281474976710655.000000	-12.274121	1007	0.000000
281474976710655.000000	-12.175467	1008	0.000000
281474976710655.000000	-12.279233	1009	0.000000
281474976710655.000000	-12.067536	1010	0.000000
281474976710655.000000	-12.111210	1011	0.000000
281474976710655.000000	-12.167242	1012	0.000000
281474976710655.000000	-12.069879	1013	0.000000
281474976710655.000000	-11.878607	1014	0.000000
281474976710655.000000	-12.085826	1015	0.000000
281474976710655.000000	-12.020191	1016	0.000000
281474976710655.000000	-12.198334	1017	0.000000
281474976710655.000000	-11.875284	1018	0.000000
281474976710655.000000	-11.890739	1019	0.000000
281474976710655.000000	-11.817557	1020	0.000000
281474976710655.000000	-11.823885	1021	0.000000
281474976710655.000000	-11.627578	1022	0.000000
281474976710655.000000	-12.156786	1023	0.000000
281474976710655.000000	-11.932446	1024	0.000000
281474976710655.000000	-12.000097	1025	0.000000
281474976710655.000000	-11.772889	1026	0.000000
281474976710655.000000	-11.959901	1027	0.000000
281474976710655.000000	-11.957088	1028	0.000000
281474976710655.000000	-11.839599	1029	0.000000
281474976710655.000000	-11.512169	1030	0.000000
281474976710655.000000	-11.806158	1031	0.000000
281474976710655.000000	-11.611397	1032	0.000000
281474976710655.000000	-11.703594	1033	0.000000
281474976710655.000000	-11.678742	1034	0.000000
281474976710655.000000	-11.516587	1035	0.000000
281474976710655.000000	-11.826287	1036	0.000000
281474976710655.000000	-11.555482	1037	0.000000
281474976710655.000000	-11.685185	1038	0.000000
281474976710655.000000	-11.915695	1039	0.000000
281474976710655.000000	-11.710923	1040	0.000000
281474976710655.000000	-11.595108	1041	0.000000
281474976710655.000000	-11.558155	1042	0.000000
281474976710655.000000	-11.707202	1043	0.000000
281474976710655.000000	-11.615387	1044	0.000000
281474976710655.000000	-11.400970	1045	0.000000
281474976710655.000000	-11.422268	1046	0.000000
281474976710655.000000	-11.788265	1047	0.000000
281474976710655.000000	-11.460077	1048	0.000000
281474976710655.000000	-11.523693	1049	0.000000
281474976710655.000000	-11.368705	1050	0.000000
281474976710655.000000	-11.578244	1051	0.000000
281474976710655.000000	-11.452472	1052	0.000000
281474976710655.000000	-11.588961	1053	0.000000
281474976710655.000000	-11.605350	1054	0.000000
281474976710655.000000	-11.497635	1055	0.000000
281474976710655.000000	-11.214505	1056	0.000000
281474976710655.000000	-11.561769	1057	0.000000
281474976710655.000000	-11.323281	1058	0.000000
281474976710655.000000	-11.443295	1059	0.000000
281474976710655.000000	-11.452352	1060	0.000000
281474976710655.000000	-11.503324	1061	0.000000
281474976710655.000000	-11.246304	1062	0.000000
281474976710655.000000	-11.341106	1063	0.000000
281474976710655.000000	-11.304176	1064	0.000000
281474976710655.000000	-11.033636	1065	0.000000
281474976710655.000000	-11.441360	1066	0.000000
281474976710655.000000	-11.167760	1067	0.000000
281474976710655.000000	-11.150949	1068	0.000000
281474976710655.000000	-11.271526	1069	0.000000
281474976710655.000000	-11.059532	1070	0.000000
281474976710655.000000	-11.191390	1071	0.000000
281474976710655.000000	-11.131413	1072	0.000000
281474976710655.000000	-11.055947	1073	0.000000
281474976710655.000000	-11.175091	1074	0.000000
281474976710655.000000	-11.502675	1075	0.000000
281474976710655.000000	-11.320367	1076	0.000000
281474976710655.000000	-11.040759	1077	0.000000
281474976710655.000000	-10.954815	1078	0.000000
281474976710655.000000	-11.246819	1079	0.000000
281474976710655.000000	-10.924778	1080	0.000000
281474976710655.000000	-11.388104	1081	0.000000
281474976710655.000000	-10.917944	1082	0.000000
281474976710655.000000	-11.182790	1083	0.000000
281474976710655.000000	-10.861606	1084	0.000000
281474976710655.000000	-11.137906	1085	0.000000
281474976710655.000000	-11.046064	1086	0.000000
281474976710655.000000	-11.236078	1087	0.000000
281474976710655.000000	-11.140998	1088	0.000000
281474976710655.000000	-11.040668	1089	0.000000
281474976710655.000000	-11.052526	1090	0.000000
281474976710655.000000	-11.152070	1091	0.000000
281474976710655.000000	-11.160304	1092	0.000000
281474976710655.000000	-10.974552	1093	0.000000
281474976710655.000000	-10.996135	1094	0.000000
281474976710655.000000	-10.988264	1095	0.000000
281474976710655.000000	-10.715878	1096	0.000000
281474976710655.000000	-10.935086	1097	0.000000
281474976710655.000000	-11.029696	1098	0.000000
281474976710655.000000	-10.903808	1099	0.000000
281474976710655.000000	-11.010543	1100	0.000000
281474976710655.000000	-10.922976	1101	0.000000
281474976710655.000000	-10.869630	1102	0.000000
281474976710655.000000	-10.880448	1103	0.000000
281474976710655.000000	-10.581770	1104	0.000000
281474976710655.000000	-10.778058	1105	0.000000
281474976710655.000000	-10.774997	1106	0.000000
281474976710655.000000	-10.753081	1107	0.000000
281474976710655.000000	-10.733648	1108	0.000000
281474976710655.000000	-10.823776	1109	0.000000
281474976710655.000000	-10.867567	1110	0.000000
281474976710655.000000	-10.727655	1111	0.000000
281474976710655.000000	-10.829898	1112	0.000000
281474976710655.000000	-10.742047	1113	0.000000
281474976710655.000000	-10.894961	1114	0.000000
281474976710655.000000	-10.612822	1115	0.000000
281474976710655.000000	-10.786880	1116	0.000000
281474976710655.000000	-10.533637	1117	0.000000
281474976710655.000000	-10.504502	1118	0.000000
281474976710655.000000	-10.419651	1119	0.000000
281474976710655.000000	-10.407928	1120	0.000000
281474976710655.000000	-10.544572	1121	0.000000
281474976710655.000000	-10.652792	1122	0.000000
281474976710655.000000	-10.582215	1123	0.000000
281474976710655.000000	-10.403327	1124	0.000000
281474976710655.000000	-10.549923	1125	0.000000
281474976710655.000000	-10.469496	1126	0.000000
281474976710655.000000	-10.555930	1127	0.000000
281474976710655.000000	-10.471210	1128	0.000000
281474976710655.000000	-10.381892	1129	0.000000
281474976710655.000000	-10.446049	1130	0.000000
281474976710655.000000	-10.459126	1131	0.000000
281474976710655.000000	-10.442413	1132	0.000000
281474976710655.000000	-10.341903	1133	0.000000
281474976710655.000000	-10.481956	1134	0.000000
281474976710655.000000	-10.301352	1135	0.000000
281474976710655.000000	-10.356020	1136	0.000000
281474976710655.000000	-10.444463	1137	0.000000
281474976710655.000000	-10.529722	1138	0.000000
281474976710655.000000	-10.456053	1139	0.000000
281474976710655.000000	-10.142801	1140	0.000000
281474976710655.000000	-10.175370	1141	0.000000
281474976710655.000000	-10.151807	1142	0.000000
281474976710655.000000	-10.166956	1143	0.000000
281474976710655.000000	-10.338060	1144	0.000000
281474976710655.000000	-10.332105	1145	0.000000
281474976710655.000000	-10.108943	1146	0.000000
281474976710655.000000	-10.100519	1147	0.000000
281474976710655.000000	-10.024504	1148	0.000000
281474976710655.000000	-10.412016	1149	0.000000
281474976710655.000000	-10.204683	1150	0.000000
281474976710655.000000	-10.310322	1151	0.000000
281474976710655.000000	-10.404030	1152	0.000000
281474976710655.000000	-10.113467	1153	0.000000
281474976710655.000000	-10.015644	1154	0.000000
281474976710655.000000	-10.061285	1155	0.000000
281474976710655.000000	-9.996725	1156	0.000000
281474976710655.000000	-10.202035	1157	0.000000
