crossing time (s)	slope (V/s)	crossing number
281474976710655.000000	44.580307	1558	0.000000
281474976710655.000000	40.218178	1559	0.000000
281474976710655.000000	38.733627	1560	0.000000
281474976710655.000000	42.934235	1561	0.000000
281474976710655.000000	45.691189	1562	0.000000
281474976710655.000000	46.998085	1563	0.000000
281474976710655.000000	33.528442	1564	0.000000
281474976710655.000000	33.641186	1565	0.000000
281474976710655.000000	36.395058	1566	0.000000
281474976710655.000000	33.575527	1567	0.000000
281474976710655.000000	41.078655	1568	0.000000
281474976710655.000000	41.156059	1569	0.000000
281474976710655.000000	35.952030	1570	0.000000
281474976710655.000000	40.968243	1571	0.000000
281474976710655.000000	38.141071	1572	0.000000
281474976710655.000000	44.436588	1573	0.000000
281474976710655.000000	44.163116	1574	0.000000
281474976710655.000000	31.437557	1575	0.000000
281474976710655.000000	40.711758	1576	0.000000
281474976710655.000000	50.162426	1577	0.000000
281474976710655.000000	40.362663	1578	0.000000
281474976710655.000000	38.883610	1579	0.000000
281474976710655.000000	40.423176	1580	0.000000
281474976710655.000000	38.013805	1581	0.000000
281474976710655.000000	35.708397	1582	0.000000
281474976710655.000000	36.070271	1583	0.000000
281474976710655.000000	40.965725	1584	0.000000
281474976710655.000000	40.655712	1585	0.000000
281474976710655.000000	36.699654	1586	0.000000
281474976710655.000000	32.288204	1587	0.000000
281474976710655.000000	38.131329	1588	0.000000
281474976710655.000000	43.303806	1589	0.000000
281474976710655.000000	43.329494	1590	0.000000
281474976710655.000000	32.184059	1591	0.000000
281474976710655.000000	36.618465	1592	0.000000
281474976710655.000000	33.775936	1593	0.000000
281474976710655.000000	39.217350	1594	0.000000
281474976710655.000000	38.875042	1595	0.000000
281474976710655.000000	45.452961	1596	0.000000
281474976710655.000000	47.475670	1597	0.000000
281474976710655.000000	47.232460	1598	0.000000
281474976710655.000000	35.191837	1599	0.000000
281474976710655.000000	32.298592	1600	0.000000
281474976710655.000000	39.993004	1601	0.000000
281474976710655.000000	41.387104	1602	0.000000
281474976710655.000000	36.405281	1603	0.000000
281474976710655.000000	42.333748	1604	0.000000
281474976710655.000000	33.552731	1605	0.000000
281474976710655.000000	41.493279	1606	0.000000
281474976710655.000000	37.419872	1607	0.000000
281474976710655.000000	34.559418	1608	0.000000
281474976710655.000000	35.976627	1609	0.000000
281474976710655.000000	35.450344	1610	0.000000
281474976710655.000000	41.353256	1611	0.000000
281474976710655.000000	42.813797	1612	0.000000
281474976710655.000000	41.466534	1613	0.000000
281474976710655.000000	43.786098	1614	0.000000
281474976710655.000000	31.482336	1615	0.000000
281474976710655.000000	39.477127	1616	0.000000
281474976710655.000000	34.004040	1617	0.000000
281474976710655.000000	46.435581	1618	0.000000
281474976710655.000000	37.064434	1619	0.000000
281474976710655.000000	38.855717	1620	0.000000
281474976710655.000000	34.383545	1621	0.000000
281474976710655.000000	37.736622	1622	0.000000
281474976710655.000000	41.344074	1623	0.000000
281474976710655.000000	35.721046	1624	0.000000
281474976710655.000000	34.864307	1625	0.000000
281474976710655.000000	31.096270	1626	0.000000
281474976710655.000000	38.689602	1627	0.000000
281474976710655.000000	38.767822	1628	0.000000
281474976710655.000000	43.518780	1629	0.000000
281474976710655.000000	38.053158	1630	0.000000
281474976710655.000000	35.937504	1631	0.000000
281474976710655.000000	45.621422	1632	0.000000
281474976710655.000000	34.720718	1633	0.000000
281474976710655.000000	38.465679	1634	0.000000
281474976710655.000000	40.519989	1635	0.000000
281474976710655.000000	36.574039	1636	0.000000
281474976710655.000000	37.577755	1637	0.000000
281474976710655.000000	35.638599	1638	0.000000
281474976710655.000000	34.431030	1639	0.000000
281474976710655.000000	45.546112	1640	0.000000
281474976710655.000000	40.039021	1641	0.000000
281474976710655.000000	49.641083	1642	0.000000
281474976710655.000000	34.468235	1643	0.000000
281474976710655.000000	30.336222	1644	0.000000
281474976710655.000000	40.134663	1645	0.000000
281474976710655.000000	33.555023	1646	0.000000
281474976710655.000000	37.438305	1647	0.000000
281474976710655.000000	34.189259	1648	0.000000
281474976710655.000000	29.827057	1649	0.000000
281474976710655.000000	33.858273	1650	0.000000
281474976710655.000000	37.235260	1651	0.000000
281474976710655.000000	40.147480	1652	0.000000
281474976710655.000000	41.869080	1653	0.000000
281474976710655.000000	42.213490	1654	0.000000
281474976710655.000000	39.883392	1655	0.000000
281474976710655.000000	31.740263	1656	0.000000
281474976710655.000000	31.420567	1657	0.000000
281474976710655.000000	41.551842	1658	0.000000
281474976710655.000000	33.551044	1659	0.000000
281474976710655.000000	31.037952	1660	0.000000
281474976710655.000000	35.426506	1661	0.000000
281474976710655.000000	29.368086	1662	0.000000
281474976710655.000000	31.087906	1663	0.000000
281474976710655.000000	41.517635	1664	0.000000
281474976710655.000000	36.028637	1665	0.000000
281474976710655.000000	36.611698	1666	0.000000
281474976710655.000000	34.820797	1667	0.000000
281474976710655.000000	34.579052	1668	0.000000
281474976710655.000000	34.302135	1669	0.000000
281474976710655.000000	36.746605	1670	0.000000
281474976710655.000000	30.850393	1671	0.000000
281474976710655.000000	35.323513	1672	0.000000
281474976710655.000000	29.096470	1673	0.000000
281474976710655.000000	30.227266	1674	0.000000
281474976710655.000000	38.017662	1675	0.000000
281474976710655.000000	31.348969	1676	0.000000
281474976710655.000000	41.074863	1677	0.000000
281474976710655.000000	34.096519	1678	0.000000
281474976710655.000000	32.608376	1679	0.000000
281474976710655.000000	38.061352	1680	0.000000
281474976710655.000000	34.103016	1681	0.000000
281474976710655.000000	32.567192	1682	0.000000
281474976710655.000000	37.855556	1683	0.000000
281474976710655.000000	30.022776	1684	0.000000
281474976710655.000000	30.155304	1685	0.000000
281474976710655.000000	33.996346	1686	0.000000
281474976710655.000000	33.515526	1687	0.000000
281474976710655.000000	35.612461	1688	0.000000
281474976710655.000000	30.033520	1689	0.000000
281474976710655.000000	35.529625	1690	0.000000
281474976710655.000000	33.301983	1691	0.000000
281474976710655.000000	37.736053	1692	0.000000
281474976710655.000000	30.598133	1693	0.000000
281474976710655.000000	42.520432	1694	0.000000
281474976710655.000000	33.961807	1695	0.000000
281474976710655.000000	34.933784	1696	0.000000
281474976710655.000000	33.188915	1697	0.000000
281474976710655.000000	32.027351	1698	0.000000
281474976710655.000000	29.635099	1699	0.000000
281474976710655.000000	31.993608	1700	0.000000
281474976710655.000000	31.689699	1701	0.000000
281474976710655.000000	31.902924	1702	0.000000
281474976710655.000000	34.127678	1703	0.000000
281474976710655.000000	33.903694	1704	0.000000
281474976710655.000000	35.171062	1705	0.000000
281474976710655.000000	28.026936	1706	0.000000
281474976710655.000000	31.492872	1707	0.000000
281474976710655.000000	31.182196	1708	0.000000
281474976710655.000000	36.852917	1709	0.000000
281474976710655.000000	36.701214	1710	0.000000
281474976710655.000000	27.402647	1711	0.000000
281474976710655.000000	31.362795	1712	0.000000
281474976710655.000000	35.993958	1713	0.000000
281474976710655.000000	33.981144	1714	0.000000
281474976710655.000000	32.226212	1715	0.000000
281474976710655.000000	31.611786	1716	0.000000
281474976710655.000000	32.495960	1717	0.000000
281474976710655.000000	36.263592	1718	0.000000
281474976710655.000000	27.309944	1719	0.000000
281474976710655.000000	33.998978	1720	0.000000
281474976710655.000000	31.878576	1721	0.000000
281474976710655.000000	33.122971	1722	0.000000
281474976710655.000000	30.733875	1723	0.000000
281474976710655.000000	27.081554	1724	0.000000
281474976710655.000000	39.689110	1725	0.000000
281474976710655.000000	34.084740	1726	0.000000
281474976710655.000000	31.383297	1727	0.000000
281474976710655.000000	36.064148	1728	0.000000
281474976710655.000000	33.514469	1729	0.000000
281474976710655.000000	29.155882	1730	0.000000
281474976710655.000000	30.085018	1731	0.000000
281474976710655.000000	33.557026	1732	0.000000
281474976710655.000000	31.516769	1733	0.000000
281474976710655.000000	35.281559	1734	0.000000
281474976710655.000000	33.345688	1735	0.000000
281474976710655.000000	31.957205	1736	0.000000
281474976710655.000000	29.913202	1737	0.000000
281474976710655.000000	31.626480	1738	0.000000
281474976710655.000000	32.299267	1739	0.000000
281474976710655.000000	34.880283	1740	0.000000
281474976710655.000000	29.261717	1741	0.000000
281474976710655.000000	31.425373	1742	0.000000
281474976710655.000000	29.958736	1743	0.000000
281474976710655.000000	31.227131	1744	0.000000
281474976710655.000000	32.967567	1745	0.000000
281474976710655.000000	32.262321	1746	0.000000
281474976710655.000000	28.178440	1747	0.000000
281474976710655.000000	32.568745	1748	0.000000
281474976710655.000000	32.761238	1749	0.000000
281474976710655.000000	29.801685	1750	0.000000
281474976710655.000000	28.886967	1751	0.000000
281474976710655.000000	29.520840	1752	0.000000
281474976710655.000000	31.100698	1753	0.000000
281474976710655.000000	35.193481	1754	0.000000
281474976710655.000000	30.426735	1755	0.000000
281474976710655.000000	27.391582	1756	0.000000
281474976710655.000000	32.526291	1757	0.000000
281474976710655.000000	32.141766	1758	0.000000
281474976710655.000000	28.526272	1759	0.000000
281474976710655.000000	32.763119	1760	0.000000
281474976710655.000000	32.843761	1761	0.000000
281474976710655.000000	32.572384	1762	0.000000
281474976710655.000000	30.979347	1763	0.000000
281474976710655.000000	30.801714	1764	0.000000
281474976710655.000000	32.795490	1765	0.000000
281474976710655.000000	31.909634	1766	0.000000
281474976710655.000000	34.718594	1767	0.000000
281474976710655.000000	29.037180	1768	0.000000
281474976710655.000000	28.674788	1769	0.000000
281474976710655.000000	29.117693	1770	0.000000
281474976710655.000000	27.886925	1771	0.000000
281474976710655.000000	31.952749	1772	0.000000
281474976710655.000000	28.820980	1773	0.000000
281474976710655.000000	28.429218	1774	0.000000
281474976710655.000000	29.527763	1775	0.000000
281474976710655.000000	32.002533	1776	0.000000
281474976710655.000000	32.867538	1777	0.000000
281474976710655.000000	31.757462	1778	0.000000
281474976710655.000000	30.654533	1779	0.000000
281474976710655.000000	31.693306	1780	0.000000
281474976710655.000000	29.646589	1781	0.000000
281474976710655.000000	27.900051	1782	0.000000
281474976710655.000000	32.947136	1783	0.000000
281474976710655.000000	29.223888	1784	0.000000
281474976710655.000000	27.506340	1785	0.000000
281474976710655.000000	29.865915	1786	0.000000
281474976710655.000000	33.071609	1787	0.000000
281474976710655.000000	29.964802	1788	0.000000
281474976710655.000000	28.198997	1789	0.000000
281474976710655.000000	31.453598	1790	0.000000
281474976710655.000000	27.322786	1791	0.000000
281474976710655.000000	29.971275	1792	0.000000
281474976710655.000000	28.969698	1793	0.000000
281474976710655.000000	26.588753	1794	0.000000
281474976710655.000000	28.329094	1795	0.000000
281474976710655.000000	29.352484	1796	0.000000
281474976710655.000000	26.458033	1797	0.000000
281474976710655.000000	27.118374	1798	0.000000
281474976710655.000000	27.347506	1799	0.000000
281474976710655.000000	29.392807	1800	0.000000
281474976710655.000000	28.210415	1801	0.000000
281474976710655.000000	29.250826	1802	0.000000
281474976710655.000000	30.620628	1803	0.000000
281474976710655.000000	27.244133	1804	0.000000
281474976710655.000000	29.362656	1805	0.000000
281474976710655.000000	29.010353	1806	0.000000
281474976710655.000000	27.194410	1807	0.000000
281474976710655.000000	30.262011	1808	0.000000
281474976710655.000000	30.443901	1809	0.000000
281474976710655.000000	27.714363	1810	0.000000
281474976710655.000000	26.850359	1811	0.000000
281474976710655.000000	29.413794	1812	0.000000
281474976710655.000000	31.852135	1813	0.000000
281474976710655.000000	29.519909	1814	0.000000
281474976710655.000000	27.526888	1815	0.000000
281474976710655.000000	27.932491	1816	0.000000
281474976710655.000000	29.317451	1817	0.000000
281474976710655.000000	30.335257	1818	0.000000
281474976710655.000000	29.742270	1819	0.000000
281474976710655.000000	28.165777	1820	0.000000
281474976710655.000000	26.867350	1821	0.000000
281474976710655.000000	28.233967	1822	0.000000
281474976710655.000000	26.443796	1823	0.000000
281474976710655.000000	26.272015	1824	0.000000
281474976710655.000000	28.639460	1825	0.000000
281474976710655.000000	29.267076	1826	0.000000
281474976710655.000000	28.354361	1827	0.000000
281474976710655.000000	26.654785	1828	0.000000
281474976710655.000000	27.883987	1829	0.000000
281474976710655.000000	29.469757	1830	0.000000
281474976710655.000000	28.149971	1831	0.000000
281474976710655.000000	29.423185	1832	0.000000
281474976710655.000000	26.143198	1833	0.000000
281474976710655.000000	27.919136	1834	0.000000
281474976710655.000000	29.882595	1835	0.000000
281474976710655.000000	29.655245	1836	0.000000
281474976710655.000000	29.399366	1837	0.000000
281474976710655.000000	23.190401	1838	0.000000
281474976710655.000000	25.810169	1839	0.000000
281474976710655.000000	23.340982	1840	0.000000
281474976710655.000000	27.694021	1841	0.000000
281474976710655.000000	25.527872	1842	0.000000
281474976710655.000000	25.717813	1843	0.000000
281474976710655.000000	27.172707	1844	0.000000
281474976710655.000000	25.652683	1845	0.000000
281474976710655.000000	27.385466	1846	0.000000
281474976710655.000000	26.738804	1847	0.000000
281474976710655.000000	24.730389	1848	0.000000
281474976710655.000000	28.544668	1849	0.000000
281474976710655.000000	27.524836	1850	0.000000
281474976710655.000000	28.691935	1851	0.000000
281474976710655.000000	25.618950	1852	0.000000
281474976710655.000000	27.143147	1853	0.000000
281474976710655.000000	25.344629	1854	0.000000
281474976710655.000000	28.375431	1855	0.000000
281474976710655.000000	29.403278	1856	0.000000
281474976710655.000000	27.197685	1857	0.000000
281474976710655.000000	25.053579	1858	0.000000
281474976710655.000000	26.510069	1859	0.000000
281474976710655.000000	29.991993	1860	0.000000
281474976710655.000000	25.171165	1861	0.000000
281474976710655.000000	28.278879	1862	0.000000
281474976710655.000000	27.603477	1863	0.000000
281474976710655.000000	25.139904	1864	0.000000
281474976710655.000000	25.014900	1865	0.000000
281474976710655.000000	26.299997	1866	0.000000
281474976710655.000000	25.059809	1867	0.000000
281474976710655.000000	24.854778	1868	0.000000
281474976710655.000000	25.094185	1869	0.000000
281474976710655.000000	27.360628	1870	0.000000
281474976710655.000000	26.828995	1871	0.000000
281474976710655.000000	24.914991	1872	0.000000
281474976710655.000000	24.519087	1873	0.000000
281474976710655.000000	26.733030	1874	0.000000
281474976710655.000000	26.316082	1875	0.000000
281474976710655.000000	25.860006	1876	0.000000
281474976710655.000000	26.527895	1877	0.000000
281474976710655.000000	26.565329	1878	0.000000
281474976710655.000000	24.585402	1879	0.000000
281474976710655.000000	25.741840	1880	0.000000
281474976710655.000000	25.562868	1881	0.000000
281474976710655.000000	26.400537	1882	0.000000
281474976710655.000000	26.516293	1883	0.000000
281474976710655.000000	28.736244	1884	0.000000
281474976710655.000000	26.321442	1885	0.000000
281474976710655.000000	24.329933	1886	0.000000
281474976710655.000000	25.788916	1887	0.000000
281474976710655.000000	25.717979	1888	0.000000
281474976710655.000000	25.749460	1889	0.000000
281474976710655.000000	26.962942	1890	0.000000
281474976710655.000000	26.328554	1891	0.000000
281474976710655.000000	23.988258	1892	0.000000
281474976710655.000000	26.882765	1893	0.000000
281474976710655.000000	24.882603	1894	0.000000
281474976710655.000000	27.240419	1895	0.000000
281474976710655.000000	25.321947	1896	0.000000
281474976710655.000000	27.183887	1897	0.000000
281474976710655.000000	25.530092	1898	0.000000
281474976710655.000000	26.261618	1899	0.000000
281474976710655.000000	23.908056	1900	0.000000
281474976710655.000000	26.105070	1901	0.000000
281474976710655.000000	25.780472	1902	0.000000
281474976710655.000000	26.565420	1903	0.000000
281474976710655.000000	26.449535	1904	0.000000
281474976710655.000000	26.947105	1905	0.000000
281474976710655.000000	27.941277	1906	0.000000
281474976710655.000000	24.668091	1907	0.000000
281474976710655.000000	23.873322	1908	0.000000
281474976710655.000000	24.557615	1909	0.000000
281474976710655.000000	24.759871	1910	0.000000
281474976710655.000000	26.323812	1911	0.000000
281474976710655.000000	23.623055	1912	0.000000
281474976710655.000000	23.353342	1913	0.000000
281474976710655.000000	26.350060	1914	0.000000
281474976710655.000000	24.487967	1915	0.000000
281474976710655.000000	25.074377	1916	0.000000
281474976710655.000000	23.366375	1917	0.000000
281474976710655.000000	24.225798	1918	0.000000
281474976710655.000000	27.494785	1919	0.000000
281474976710655.000000	24.008150	1920	0.000000
281474976710655.000000	26.259575	1921	0.000000
281474976710655.000000	25.167154	1922	0.000000
281474976710655.000000	23.104902	1923	0.000000
281474976710655.000000	24.289587	1924	0.000000
281474976710655.000000	23.108944	1925	0.000000
281474976710655.000000	25.054655	1926	0.000000
281474976710655.000000	24.211292	1927	0.000000
281474976710655.000000	25.745483	1928	0.000000
281474976710655.000000	24.976973	1929	0.000000
281474976710655.000000	22.792765	1930	0.000000
281474976710655.000000	24.315311	1931	0.000000
281474976710655.000000	23.524502	1932	0.000000
281474976710655.000000	24.774174	1933	0.000000
281474976710655.000000	23.530600	1934	0.000000
281474976710655.000000	23.716331	1935	0.000000
281474976710655.000000	25.227711	1936	0.000000
281474976710655.000000	24.669024	1937	0.000000
281474976710655.000000	23.712915	1938	0.000000
281474976710655.000000	23.246264	1939	0.000000
281474976710655.000000	25.177473	1940	0.000000
281474976710655.000000	23.597258	1941	0.000000
281474976710655.000000	24.699263	1942	0.000000
281474976710655.000000	23.568193	1943	0.000000
281474976710655.000000	24.391771	1944	0.000000
281474976710655.000000	24.114349	1945	0.000000
281474976710655.000000	22.785334	1946	0.000000
281474976710655.000000	24.618555	1947	0.000000
281474976710655.000000	22.997816	1948	0.000000
281474976710655.000000	24.733107	1949	0.000000
281474976710655.000000	23.170843	1950	0.000000
281474976710655.000000	22.173399	1951	0.000000
281474976710655.000000	24.294691	1952	0.000000
281474976710655.000000	24.535427	1953	0.000000
281474976710655.000000	22.998106	1954	0.000000
281474976710655.000000	23.579010	1955	0.000000
281474976710655.000000	23.819025	1956	0.000000
281474976710655.000000	25.036396	1957	0.000000
281474976710655.000000	21.689297	1958	0.000000
281474976710655.000000	22.228188	1959	0.000000
281474976710655.000000	23.136868	1960	0.000000
281474976710655.000000	21.941715	1961	0.000000
281474976710655.000000	24.471840	1962	0.000000
281474976710655.000000	24.716415	1963	0.000000
281474976710655.000000	24.524067	1964	0.000000
281474976710655.000000	24.527132	1965	0.000000
281474976710655.000000	22.705700	1966	0.000000
281474976710655.000000	24.444920	1967	0.000000
281474976710655.000000	23.416035	1968	0.000000
281474976710655.000000	23.331385	1969	0.000000
281474976710655.000000	23.515661	1970	0.000000
281474976710655.000000	22.628399	1971	0.000000
281474976710655.000000	24.305130	1972	0.000000
281474976710655.000000	25.088419	1973	0.000000
281474976710655.000000	23.851795	1974	0.000000
281474976710655.000000	23.055620	1975	0.000000
281474976710655.000000	21.585123	1976	0.000000
281474976710655.000000	23.581623	1977	0.000000
281474976710655.000000	23.982201	1978	0.000000
281474976710655.000000	23.837231	1979	0.000000
281474976710655.000000	23.531399	1980	0.000000
281474976710655.000000	22.537979	1981	0.000000
281474976710655.000000	21.995529	1982	0.000000
281474976710655.000000	21.492590	1983	0.000000
281474976710655.000000	22.290201	1984	0.000000
281474976710655.000000	22.344625	1985	0.000000
281474976710655.000000	22.148621	1986	0.000000
281474976710655.000000	20.487423	1987	0.000000
281474976710655.000000	21.209829	1988	0.000000
281474976710655.000000	22.186888	1989	0.000000
281474976710655.000000	20.329168	1990	0.000000
281474976710655.000000	20.489756	1991	0.000000
281474976710655.000000	21.722172	1992	0.000000
281474976710655.000000	21.413435	1993	0.000000
281474976710655.000000	19.906895	1994	0.000000
281474976710655.000000	20.765339	1995	0.000000
281474976710655.000000	19.776384	1996	0.000000
281474976710655.000000	20.197510	1997	0.000000
281474976710655.000000	20.550163	1998	0.000000
281474976710655.000000	20.693224	1999	0.000000
281474976710655.000000	19.334389	2000	0.000000
281474976710655.000000	20.339802	2001	0.000000
281474976710655.000000	20.487999	2002	0.000000
281474976710655.000000	21.522198	2003	0.000000
281474976710655.000000	20.966894	2004	0.000000
281474976710655.000000	21.091780	2005	0.000000
281474976710655.000000	19.378553	2006	0.000000
281474976710655.000000	20.394659	2007	0.000000
281474976710655.000000	19.350021	2008	0.000000
281474976710655.000000	19.702490	2009	0.000000
281474976710655.000000	19.979696	2010	0.000000
281474976710655.000000	19.982992	2011	0.000000
281474976710655.000000	20.814255	2012	0.000000
281474976710655.000000	19.579481	2013	0.000000
281474976710655.000000	19.896452	2014	0.000000
281474976710655.000000	19.979261	2015	0.000000
281474976710655.000000	19.155001	2016	0.000000
281474976710655.000000	19.883471	2017	0.000000
281474976710655.000000	18.944304	2018	0.000000
281474976710655.000000	19.740358	2019	0.000000
281474976710655.000000	20.436958	2020	0.000000
281474976710655.000000	20.796490	2021	0.000000
281474976710655.000000	19.485306	2022	0.000000
281474976710655.000000	19.424000	2023	0.000000
281474976710655.000000	20.203835	2024	0.000000
281474976710655.000000	19.315357	2025	0.000000
281474976710655.000000	19.760221	2026	0.000000
281474976710655.000000	19.932930	2027	0.000000
281474976710655.000000	18.901094	2028	0.000000
281474976710655.000000	20.118481	2029	0.000000
281474976710655.000000	18.504080	2030	0.000000
281474976710655.000000	19.641155	2031	0.000000
281474976710655.000000	19.402374	2032	0.000000
281474976710655.000000	18.843704	2033	0.000000
281474976710655.000000	18.717882	2034	0.000000
281474976710655.000000	19.642506	2035	0.000000
281474976710655.000000	18.392162	2036	0.000000
281474976710655.000000	19.142494	2037	0.000000
281474976710655.000000	19.712067	2038	0.000000
281474976710655.000000	19.288284	2039	0.000000
281474976710655.000000	19.818535	2040	0.000000
281474976710655.000000	19.837997	2041	0.000000
281474976710655.000000	18.182171	2042	0.000000
281474976710655.000000	18.936157	2043	0.000000
281474976710655.000000	18.725901	2044	0.000000
281474976710655.000000	19.526731	2045	0.000000
281474976710655.000000	19.643085	2046	0.000000
281474976710655.000000	18.927099	2047	0.000000
281474976710655.000000	18.857037	2048	0.000000
281474976710655.000000	18.995342	2049	0.000000
281474976710655.000000	19.189001	2050	0.000000
281474976710655.000000	19.368254	2051	0.000000
281474976710655.000000	19.498262	2052	0.000000
281474976710655.000000	18.635839	2053	0.000000
281474976710655.000000	18.981949	2054	0.000000
281474976710655.000000	18.372494	2055	0.000000
281474976710655.000000	18.211788	2056	0.000000
281474976710655.000000	18.625561	2057	0.000000
281474976710655.000000	18.221367	2058	0.000000
281474976710655.000000	19.142471	2059	0.000000
281474976710655.000000	19.155783	2060	0.000000
281474976710655.000000	18.392977	2061	0.000000
281474976710655.000000	17.920717	2062	0.000000
281474976710655.000000	18.825754	2063	0.000000
281474976710655.000000	19.785997	2064	0.000000
281474976710655.000000	17.822788	2065	0.000000
281474976710655.000000	18.296135	2066	0.000000
281474976710655.000000	18.803429	2067	0.000000
281474976710655.000000	18.586321	2068	0.000000
281474976710655.000000	18.797432	2069	0.000000
281474976710655.000000	18.007303	2070	0.000000
281474976710655.000000	18.468508	2071	0.000000
281474976710655.000000	18.334457	2072	0.000000
281474976710655.000000	17.939299	2073	0.000000
281474976710655.000000	18.499878	2074	0.000000
281474976710655.000000	18.006809	2075	0.000000
281474976710655.000000	18.658068	2076	0.000000
281474976710655.000000	18.885702	2077	0.000000
281474976710655.000000	17.979719	2078	0.000000
281474976710655.000000	18.147266	2079	0.000000
281474976710655.000000	18.635176	2080	0.000000
281474976710655.000000	18.366245	2081	0.000000
281474976710655.000000	18.008644	2082	0.000000
281474976710655.000000	18.132618	2083	0.000000
281474976710655.000000	18.091497	2084	0.000000
281474976710655.000000	17.905804	2085	0.000000
281474976710655.000000	17.885006	2086	0.000000
281474976710655.000000	17.493200	2087	0.000000
281474976710655.000000	18.071968	2088	0.000000
281474976710655.000000	17.866240	2089	0.000000
281474976710655.000000	17.857447	2090	0.000000
281474976710655.000000	18.435553	2091	0.000000
281474976710655.000000	18.026556	2092	0.000000
281474976710655.000000	17.922369	2093	0.000000
281474976710655.000000	18.178978	2094	0.000000
281474976710655.000000	18.368891	2095	0.000000
281474976710655.000000	17.323656	2096	0.000000
281474976710655.000000	17.305983	2097	0.000000
281474976710655.000000	18.165485	2098	0.000000
281474976710655.000000	17.893579	2099	0.000000
281474976710655.000000	16.901077	2100	0.000000
281474976710655.000000	17.802614	2101	0.000000
281474976710655.000000	17.404482	2102	0.000000
281474976710655.000000	17.444679	2103	0.000000
281474976710655.000000	17.830738	2104	0.000000
281474976710655.000000	18.072794	2105	0.000000
281474976710655.000000	17.533115	2106	0.000000
281474976710655.000000	17.191530	2107	0.000000
281474976710655.000000	17.860147	2108	0.000000
281474976710655.000000	17.685467	2109	0.000000
281474976710655.000000	17.931524	2110	0.000000
281474976710655.000000	18.108196	2111	0.000000
281474976710655.000000	17.322704	2112	0.000000
281474976710655.000000	18.066570	2113	0.000000
281474976710655.000000	17.314764	2114	0.000000
281474976710655.000000	17.686718	2115	0.000000
281474976710655.000000	17.756077	2116	0.000000
281474976710655.000000	18.035910	2117	0.000000
281474976710655.000000	17.349873	2118	0.000000
281474976710655.000000	17.929213	2119	0.000000
281474976710655.000000	17.431904	2120	0.000000
281474976710655.000000	17.060381	2121	0.000000
281474976710655.000000	16.978901	2122	0.000000
281474976710655.000000	17.678703	2123	0.000000
281474976710655.000000	17.112295	2124	0.000000
281474976710655.000000	17.243689	2125	0.000000
281474976710655.000000	17.386005	2126	0.000000
281474976710655.000000	17.886953	2127	0.000000
281474976710655.000000	16.884937	2128	0.000000
281474976710655.000000	17.021517	2129	0.000000
281474976710655.000000	16.765055	2130	0.000000
281474976710655.000000	17.263638	2131	0.000000
281474976710655.000000	17.155155	2132	0.000000
281474976710655.000000	17.408499	2133	0.000000
281474976710655.000000	17.102760	2134	0.000000
281474976710655.000000	17.305069	2135	0.000000
281474976710655.000000	17.401302	2136	0.000000
281474976710655.000000	17.549335	2137	0.000000
281474976710655.000000	17.661486	2138	0.000000
281474976710655.000000	16.847261	2139	0.000000
281474976710655.000000	16.847269	2140	0.000000
281474976710655.000000	16.884726	2141	0.000000
281474976710655.000000	16.975218	2142	0.000000
281474976710655.000000	16.918062	2143	0.000000
281474976710655.000000	16.353537	2144	0.000000
281474976710655.000000	16.896400	2145	0.000000
281474976710655.000000	16.566620	2146	0.000000
281474976710655.000000	16.536823	2147	0.000000
281474976710655.000000	16.902550	2148	0.000000
281474976710655.000000	17.139389	2149	0.000000
281474976710655.000000	16.438812	2150	0.000000
281474976710655.000000	16.158934	2151	0.000000
281474976710655.000000	16.387068	2152	0.000000
281474976710655.000000	16.757565	2153	0.000000
281474976710655.000000	16.191269	2154	0.000000
281474976710655.000000	16.665455	2155	0.000000
281474976710655.000000	16.611000	2156	0.000000
281474976710655.000000	16.331699	2157	0.000000
281474976710655.000000	16.155149	2158	0.000000
281474976710655.000000	16.602791	2159	0.000000
281474976710655.000000	16.343861	2160	0.000000
281474976710655.000000	16.889471	2161	0.000000
281474976710655.000000	16.191528	2162	0.000000
281474976710655.000000	15.998014	2163	0.000000
281474976710655.000000	16.400801	2164	0.000000
281474976710655.000000	16.406456	2165	0.000000
281474976710655.000000	16.741962	2166	0.000000
281474976710655.000000	16.373575	2167	0.000000
281474976710655.000000	15.844315	2168	0.000000
281474976710655.000000	16.070608	2169	0.000000
281474976710655.000000	16.063723	2170	0.000000
281474976710655.000000	16.517305	2171	0.000000
281474976710655.000000	16.704100	2172	0.000000
281474976710655.000000	16.039423	2173	0.000000
281474976710655.000000	15.950880	2174	0.000000
281474976710655.000000	16.317488	2175	0.000000
281474976710655.000000	16.171450	2176	0.000000
281474976710655.000000	15.859072	2177	0.000000
281474976710655.000000	16.454967	2178	0.000000
281474976710655.000000	16.640621	2179	0.000000
281474976710655.000000	15.733752	2180	0.000000
281474976710655.000000	16.774309	2181	0.000000
281474976710655.000000	15.695745	2182	0.000000
281474976710655.000000	16.192307	2183	0.000000
281474976710655.000000	15.701398	2184	0.000000
281474976710655.000000	16.238846	2185	0.000000
281474976710655.000000	15.933123	2186	0.000000
281474976710655.000000	15.738268	2187	0.000000
281474976710655.000000	15.872678	2188	0.000000
281474976710655.000000	15.732583	2189	0.000000
281474976710655.000000	15.546740	2190	0.000000
281474976710655.000000	15.473204	2191	0.000000
281474976710655.000000	15.651370	2192	0.000000
281474976710655.000000	15.269255	2193	0.000000
281474976710655.000000	16.054392	2194	0.000000
281474976710655.000000	15.857420	2195	0.000000
281474976710655.000000	15.613787	2196	0.000000
281474976710655.000000	16.027014	2197	0.000000
281474976710655.000000	15.676524	2198	0.000000
281474976710655.000000	15.923909	2199	0.000000
281474976710655.000000	15.335714	2200	0.000000
281474976710655.000000	15.698543	2201	0.000000
281474976710655.000000	15.909236	2202	0.000000
281474976710655.000000	15.821397	2203	0.000000
281474976710655.000000	15.350556	2204	0.000000
281474976710655.000000	15.416812	2205	0.000000
281474976710655.000000	15.562407	2206	0.000000
281474976710655.000000	15.247684	2207	0.000000
281474976710655.000000	15.593429	2208	0.000000
281474976710655.000000	15.069911	2209	0.000000
281474976710655.000000	15.802198	2210	0.000000
281474976710655.000000	15.571515	2211	0.000000
281474976710655.000000	15.144128	2212	0.000000
281474976710655.000000	15.515853	2213	0.000000
281474976710655.000000	15.197689	2214	0.000000
281474976710655.000000	15.765202	2215	0.000000
281474976710655.000000	15.000805	2216	0.000000
281474976710655.000000	15.658597	2217	0.000000
281474976710655.000000	15.248569	2218	0.000000
281474976710655.000000	15.608429	2219	0.000000
281474976710655.000000	15.933582	2220	0.000000
281474976710655.000000	14.939330	2221	0.000000
281474976710655.000000	14.994303	2222	0.000000
281474976710655.000000	15.039815	2223	0.000000
281474976710655.000000	15.037145	2224	0.000000
281474976710655.000000	15.295780	2225	0.000000
281474976710655.000000	14.588952	2226	0.000000
281474976710655.000000	15.018966	2227	0.000000
281474976710655.000000	14.805823	2228	0.000000
281474976710655.000000	15.166260	2229	0.000000
281474976710655.000000	14.844399	2230	0.000000
281474976710655.000000	14.935481	2231	0.000000
281474976710655.000000	14.891475	2232	0.000000
281474976710655.000000	14.679146	2233	0.000000
281474976710655.000000	14.758875	2234	0.000000
281474976710655.000000	14.700219	2235	0.000000
281474976710655.000000	14.924480	2236	0.000000
281474976710655.000000	15.013009	2237	0.000000
281474976710655.000000	15.014245	2238	0.000000
281474976710655.000000	15.145851	2239	0.000000
281474976710655.000000	14.855457	2240	0.000000
281474976710655.000000	14.916407	2241	0.000000
281474976710655.000000	14.609743	2242	0.000000
281474976710655.000000	14.488443	2243	0.000000
281474976710655.000000	15.063572	2244	0.000000
281474976710655.000000	14.904397	2245	0.000000
281474976710655.000000	14.535621	2246	0.000000
281474976710655.000000	14.256699	2247	0.000000
281474976710655.000000	14.888717	2248	0.000000
281474976710655.000000	14.617071	2249	0.000000
281474976710655.000000	14.690032	2250	0.000000
281474976710655.000000	14.652061	2251	0.000000
281474976710655.000000	14.483618	2252	0.000000
281474976710655.000000	15.173885	2253	0.000000
281474976710655.000000	14.084087	2254	0.000000
281474976710655.000000	15.002612	2255	0.000000
281474976710655.000000	14.863755	2256	0.000000
281474976710655.000000	15.091578	2257	0.000000
281474976710655.000000	14.447197	2258	0.000000
281474976710655.000000	14.526269	2259	0.000000
281474976710655.000000	14.461824	2260	0.000000
281474976710655.000000	14.573209	2261	0.000000
281474976710655.000000	14.465200	2262	0.000000
281474976710655.000000	14.472954	2263	0.000000
281474976710655.000000	14.582875	2264	0.000000
281474976710655.000000	14.455137	2265	0.000000
281474976710655.000000	14.309012	2266	0.000000
281474976710655.000000	14.383738	2267	0.000000
281474976710655.000000	14.146728	2268	0.000000
281474976710655.000000	14.727990	2269	0.000000
281474976710655.000000	14.265468	2270	0.000000
281474976710655.000000	14.448797	2271	0.000000
281474976710655.000000	14.205493	2272	0.000000
281474976710655.000000	14.155311	2273	0.000000
281474976710655.000000	14.427592	2274	0.000000
281474976710655.000000	14.146367	2275	0.000000
281474976710655.000000	14.371943	2276	0.000000
281474976710655.000000	14.437079	2277	0.000000
281474976710655.000000	14.170653	2278	0.000000
281474976710655.000000	14.136011	2279	0.000000
281474976710655.000000	13.949690	2280	0.000000
281474976710655.000000	14.348473	2281	0.000000
281474976710655.000000	14.074082	2282	0.000000
281474976710655.000000	14.386934	2283	0.000000
281474976710655.000000	13.860488	2284	0.000000
281474976710655.000000	13.964159	2285	0.000000
281474976710655.000000	14.035118	2286	0.000000
281474976710655.000000	13.915577	2287	0.000000
281474976710655.000000	13.694862	2288	0.000000
281474976710655.000000	13.896664	2289	0.000000
281474976710655.000000	14.455037	2290	0.000000
281474976710655.000000	13.841210	2291	0.000000
281474976710655.000000	13.837324	2292	0.000000
281474976710655.000000	14.037704	2293	0.000000
281474976710655.000000	13.924524	2294	0.000000
281474976710655.000000	14.106808	2295	0.000000
281474976710655.000000	13.487756	2296	0.000000
281474976710655.000000	13.691201	2297	0.000000
281474976710655.000000	13.762578	2298	0.000000
281474976710655.000000	13.837293	2299	0.000000
281474976710655.000000	13.606431	2300	0.000000
281474976710655.000000	14.198614	2301	0.000000
281474976710655.000000	13.608812	2302	0.000000
281474976710655.000000	13.561241	2303	0.000000
281474976710655.000000	13.562753	2304	0.000000
281474976710655.000000	13.888047	2305	0.000000
281474976710655.000000	13.902781	2306	0.000000
281474976710655.000000	13.633716	2307	0.000000
281474976710655.000000	13.742467	2308	0.000000
281474976710655.000000	13.712136	2309	0.000000
281474976710655.000000	14.025259	2310	0.000000
281474976710655.000000	13.652161	2311	0.000000
281474976710655.000000	13.824055	2312	0.000000
281474976710655.000000	13.910338	2313	0.000000
281474976710655.000000	13.509192	2314	0.000000
281474976710655.000000	13.451873	2315	0.000000
281474976710655.000000	13.733717	2316	0.000000
281474976710655.000000	13.355321	2317	0.000000
281474976710655.000000	13.702740	2318	0.000000
281474976710655.000000	13.491320	2319	0.000000
281474976710655.000000	13.500873	2320	0.000000
281474976710655.000000	13.234611	2321	0.000000
281474976710655.000000	13.539394	2322	0.000000
281474976710655.000000	13.579746	2323	0.000000
281474976710655.000000	13.258396	2324	0.000000
281474976710655.000000	13.535745	2325	0.000000
281474976710655.000000	13.332191	2326	0.000000
281474976710655.000000	13.220127	2327	0.000000
281474976710655.000000	13.764376	2328	0.000000
281474976710655.000000	13.254238	2329	0.000000
281474976710655.000000	13.101048	2330	0.000000
281474976710655.000000	13.210998	2331	0.000000
281474976710655.000000	13.940408	2332	0.000000
281474976710655.000000	12.853174	2333	0.000000
281474976710655.000000	13.678774	2334	0.000000
281474976710655.000000	12.998184	2335	0.000000
281474976710655.000000	13.232835	2336	0.000000
281474976710655.000000	13.408034	2337	0.000000
281474976710655.000000	13.124598	2338	0.000000
281474976710655.000000	13.074234	2339	0.000000
281474976710655.000000	13.376711	2340	0.000000
281474976710655.000000	13.176786	2341	0.000000
281474976710655.000000	12.729750	2342	0.000000
281474976710655.000000	12.740420	2343	0.000000
281474976710655.000000	13.174944	2344	0.000000
281474976710655.000000	13.128063	2345	0.000000
281474976710655.000000	13.206876	2346	0.000000
281474976710655.000000	12.911016	2347	0.000000
281474976710655.000000	13.004107	2348	0.000000
281474976710655.000000	12.785789	2349	0.000000
281474976710655.000000	12.828293	2350	0.000000
281474976710655.000000	12.798434	2351	0.000000
281474976710655.000000	13.019561	2352	0.000000
281474976710655.000000	12.921827	2353	0.000000
281474976710655.000000	12.993095	2354	0.000000
281474976710655.000000	13.061005	2355	0.000000
281474976710655.000000	12.808266	2356	0.000000
281474976710655.000000	12.861080	2357	0.000000
281474976710655.000000	13.083111	2358	0.000000
281474976710655.000000	12.969620	2359	0.000000
281474976710655.000000	12.828088	2360	0.000000
281474976710655.000000	12.637374	2361	0.000000
281474976710655.000000	12.836739	2362	0.000000
281474976710655.000000	12.680735	2363	0.000000
281474976710655.000000	12.824589	2364	0.000000
281474976710655.000000	12.725237	2365	0.000000
281474976710655.000000	12.393226	2366	0.000000
281474976710655.000000	12.759300	2367	0.000000
281474976710655.000000	12.831013	2368	0.000000
281474976710655.000000	12.809672	2369	0.000000
281474976710655.000000	12.578837	2370	0.000000
281474976710655.000000	12.623929	2371	0.000000
281474976710655.000000	12.444881	2372	0.000000
281474976710655.000000	12.705018	2373	0.000000
281474976710655.000000	12.700073	2374	0.000000
281474976710655.000000	12.759748	2375	0.000000
281474976710655.000000	12.563338	2376	0.000000
281474976710655.000000	12.633491	2377	0.000000
281474976710655.000000	12.775770	2378	0.000000
281474976710655.000000	12.713428	2379	0.000000
281474976710655.000000	12.673697	2380	0.000000
281474976710655.000000	12.952112	2381	0.000000
281474976710655.000000	12.069684	2382	0.000000
281474976710655.000000	12.479935	2383	0.000000
281474976710655.000000	12.560671	2384	0.000000
281474976710655.000000	12.326212	2385	0.000000
281474976710655.000000	12.507043	2386	0.000000
281474976710655.000000	12.580687	2387	0.000000
281474976710655.000000	12.429364	2388	0.000000
281474976710655.000000	12.419777	2389	0.000000
281474976710655.000000	12.340893	2390	0.000000
281474976710655.000000	12.528113	2391	0.000000
281474976710655.000000	12.238917	2392	0.000000
281474976710655.000000	12.266281	2393	0.000000
281474976710655.000000	12.424717	2394	0.000000
281474976710655.000000	12.392630	2395	0.000000
281474976710655.000000	12.205945	2396	0.000000
281474976710655.000000	12.348863	2397	0.000000
281474976710655.000000	11.980161	2398	0.000000
281474976710655.000000	12.055270	2399	0.000000
281474976710655.000000	12.727106	2400	0.000000
281474976710655.000000	12.025834	2401	0.000000
281474976710655.000000	12.426017	2402	0.000000
281474976710655.000000	12.228570	2403	0.000000
281474976710655.000000	12.216248	2404	0.000000
281474976710655.000000	12.390738	2405	0.000000
281474976710655.000000	11.959107	2406	0.000000
281474976710655.000000	12.444866	2407	0.000000
281474976710655.000000	12.243117	2408	0.000000
281474976710655.000000	12.185192	2409	0.000000
281474976710655.000000	12.211984	2410	0.000000
281474976710655.000000	12.051891	2411	0.000000
281474976710655.000000	11.966634	2412	0.000000
281474976710655.000000	11.949296	2413	0.000000
281474976710655.000000	12.269069	2414	0.000000
281474976710655.000000	11.973395	2415	0.000000
281474976710655.000000	11.931553	2416	0.000000
281474976710655.000000	11.702737	2417	0.000000
281474976710655.000000	12.214325	2418	0.000000
281474976710655.000000	12.132970	2419	0.000000
281474976710655.000000	12.152228	2420	0.000000
281474976710655.000000	11.969287	2421	0.000000
281474976710655.000000	11.866824	2422	0.000000
281474976710655.000000	12.161345	2423	0.000000
281474976710655.000000	11.775678	2424	0.000000
281474976710655.000000	11.909100	2425	0.000000
281474976710655.000000	12.060659	2426	0.000000
281474976710655.000000	11.824274	2427	0.000000
281474976710655.000000	11.668112	2428	0.000000
281474976710655.000000	11.885056	2429	0.000000
281474976710655.000000	11.668315	2430	0.000000
281474976710655.000000	11.806050	2431	0.000000
281474976710655.000000	12.016987	2432	0.000000
281474976710655.000000	11.748296	2433	0.000000
281474976710655.000000	11.559750	2434	0.000000
281474976710655.000000	11.859270	2435	0.000000
281474976710655.000000	11.924506	2436	0.000000
281474976710655.000000	11.539191	2437	0.000000
281474976710655.000000	11.476702	2438	0.000000
281474976710655.000000	11.670245	2439	0.000000
281474976710655.000000	11.865267	2440	0.000000
281474976710655.000000	11.516248	2441	0.000000
281474976710655.000000	11.891703	2442	0.000000
281474976710655.000000	11.337777	2443	0.000000
281474976710655.000000	11.861860	2444	0.000000
281474976710655.000000	11.737540	2445	0.000000
281474976710655.000000	11.381511	2446	0.000000
281474976710655.000000	11.364656	2447	0.000000
281474976710655.000000	11.613281	2448	0.000000
281474976710655.000000	11.553132	2449	0.000000
281474976710655.000000	11.538572	2450	0.000000
281474976710655.000000	11.448509	2451	0.000000
281474976710655.000000	11.666358	2452	0.000000
281474976710655.000000	11.506503	2453	0.000000
281474976710655.000000	11.799858	2454	0.000000
281474976710655.000000	11.264297	2455	0.000000
281474976710655.000000	11.613991	2456	0.000000
281474976710655.000000	11.554877	2457	0.000000
281474976710655.000000	11.418049	2458	0.000000
281474976710655.000000	11.305950	2459	0.000000
281474976710655.000000	11.676574	2460	0.000000
281474976710655.000000	11.226517	2461	0.000000
281474976710655.000000	11.247152	2462	0.000000
281474976710655.000000	11.291269	2463	0.000000
281474976710655.000000	11.216245	2464	0.000000
281474976710655.000000	11.101451	2465	0.000000
281474976710655.000000	11.415206	2466	0.000000
281474976710655.000000	11.338197	2467	0.000000
281474976710655.000000	11.305406	2468	0.000000
281474976710655.000000	11.007925	2469	0.000000
281474976710655.000000	11.345716	2470	0.000000
281474976710655.000000	11.454519	2471	0.000000
281474976710655.000000	11.214464	2472	0.000000
281474976710655.000000	11.268508	2473	0.000000
281474976710655.000000	10.958216	2474	0.000000
281474976710655.000000	11.104825	2475	0.000000
281474976710655.000000	11.008522	2476	0.000000
281474976710655.000000	11.266840	2477	0.000000
281474976710655.000000	10.994630	2478	0.000000
281474976710655.000000	11.005255	2479	0.000000
281474976710655.000000	11.268178	2480	0.000000
281474976710655.000000	10.964335	2481	0.000000
281474976710655.000000	11.064461	2482	0.000000
281474976710655.000000	11.049707	2483	0.000000
281474976710655.000000	10.935429	2484	0.000000
281474976710655.000000	10.969664	2485	0.000000
281474976710655.000000	11.333707	2486	0.000000
281474976710655.000000	11.100298	2487	0.000000
281474976710655.000000	11.089110	2488	0.000000
281474976710655.000000	11.087561	2489	0.000000
281474976710655.000000	10.929185	2490	0.000000
281474976710655.000000	10.964011	2491	0.000000
281474976710655.000000	10.831393	2492	0.000000
281474976710655.000000	11.090256	2493	0.000000
281474976710655.000000	10.854628	2494	0.000000
281474976710655.000000	10.828570	2495	0.000000
281474976710655.000000	10.904740	2496	0.000000
281474976710655.000000	10.910667	2497	0.000000
281474976710655.000000	10.922825	2498	0.000000
281474976710655.000000	10.818135	2499	0.000000
281474976710655.000000	10.708803	2500	0.000000
281474976710655.000000	10.947276	2501	0.000000
281474976710655.000000	10.947664	2502	0.000000
281474976710655.000000	10.855152	2503	0.000000
281474976710655.000000	10.779176	2504	0.000000
281474976710655.000000	10.717695	2505	0.000000
281474976710655.000000	10.662725	2506	0.000000
281474976710655.000000	10.572467	2507	0.000000
281474976710655.000000	10.793042	2508	0.000000
281474976710655.000000	10.545333	2509	0.000000
281474976710655.000000	10.759349	2510	0.000000
281474976710655.000000	10.773777	2511	0.000000
281474976710655.000000	10.692998	2512	0.000000
281474976710655.000000	10.754747	2513	0.000000
281474976710655.000000	10.642027	2514	0.000000
281474976710655.000000	10.505301	2515	0.000000
281474976710655.000000	10.534290	2516	0.000000
281474976710655.000000	10.520905	2517	0.000000
281474976710655.000000	10.467866	2518	0.000000
281474976710655.000000	10.655869	2519	0.000000
281474976710655.000000	10.375848	2520	0.000000
281474976710655.000000	10.600356	2521	0.000000
281474976710655.000000	10.628548	2522	0.000000
281474976710655.000000	10.681381	2523	0.000000
281474976710655.000000	10.745987	2524	0.000000
281474976710655.000000	10.433746	2525	0.000000
281474976710655.000000	10.621985	2526	0.000000
281474976710655.000000	10.352797	2527	0.000000
281474976710655.000000	10.497788	2528	0.000000
281474976710655.000000	10.551469	2529	0.000000
281474976710655.000000	10.405695	2530	0.000000
281474976710655.000000	10.427751	2531	0.000000
281474976710655.000000	10.210517	2532	0.000000
281474976710655.000000	10.295965	2533	0.000000
281474976710655.000000	10.453876	2534	0.000000
281474976710655.000000	10.300994	2535	0.000000
281474976710655.000000	10.471776	2536	0.000000
281474976710655.000000	10.365703	2537	0.000000
281474976710655.000000	10.394089	2538	0.000000
281474976710655.000000	10.320070	2539	0.000000
281474976710655.000000	10.373558	2540	0.000000
281474976710655.000000	10.283236	2541	0.000000
281474976710655.000000	10.166602	2542	0.000000
281474976710655.000000	10.229961	2543	0.000000
281474976710655.000000	10.315139	2544	0.000000
281474976710655.000000	10.141630	2545	0.000000
281474976710655.000000	10.234054	2546	0.000000
281474976710655.000000	10.103724	2547	0.000000
281474976710655.000000	10.282636	2548	0.000000
281474976710655.000000	10.015736	2549	0.000000
281474976710655.000000	10.217813	2550	0.000000
281474976710655.000000	10.009120	2551	0.000000
281474976710655.000000	10.299842	2552	0.000000
281474976710655.000000	10.199216	2553	0.000000
281474976710655.000000	10.100762	2554	0.000000
281474976710655.000000	9.991513	2555	0.000000
281474976710655.000000	10.017958	2556	0.000000
281474976710655.000000	10.120824	2557	0.000000
281474976710655.000000	10.191128	2558	0.000000
281474976710655.000000	10.114790	2559	0.000000
281474976710655.000000	10.028127	2560	0.000000
281474976710655.000000	10.076418	2561	0.000000
281474976710655.000000	10.123379	2562	0.000000
281474976710655.000000	10.000568	2563	0.000000
281474976710655.000000	9.903566	2564	0.000000
281474976710655.000000	9.918174	2565	0.000000
281474976710655.000000	10.173080	2566	0.000000
281474976710655.000000	9.970268	2567	0.000000
281474976710655.000000	9.768767	2568	0.000000
281474976710655.000000	9.916931	2569	0.000000
281474976710655.000000	9.944798	2570	0.000000
281474976710655.000000	9.979687	2571	0.000000
281474976710655.000000	9.825248	2572	0.000000
281474976710655.000000	9.965879	2573	0.000000
281474976710655.000000	9.911386	2574	0.000000
281474976710655.000000	9.753173	2575	0.000000
281474976710655.000000	9.825112	2576	0.000000
281474976710655.000000	9.781405	2577	0.000000
281474976710655.000000	9.773140	2578	0.000000
281474976710655.000000	9.688626	2579	0.000000
281474976710655.000000	9.738235	2580	0.000000
281474976710655.000000	9.773693	2581	0.000000
281474976710655.000000	9.700988	2582	0.000000
281474976710655.000000	9.805643	2583	0.000000
281474976710655.000000	9.652008	2584	0.000000
281474976710655.000000	9.679576	2585	0.000000
281474976710655.000000	9.617764	2586	0.000000
281474976710655.000000	9.611072	2587	0.000000
281474976710655.000000	9.904250	2588	0.000000
281474976710655.000000	9.525044	2589	0.000000
281474976710655.000000	9.776476	2590	0.000000
281474976710655.000000	9.724650	2591	0.000000
281474976710655.000000	9.690860	2592	0.000000
281474976710655.000000	9.587612	2593	0.000000
281474976710655.000000	9.509023	2594	0.000000
281474976710655.000000	9.741084	2595	0.000000
281474976710655.000000	9.692698	2596	0.000000
281474976710655.000000	9.634410	2597	0.000000
281474976710655.000000	9.389832	2598	0.000000
281474976710655.000000	9.519917	2599	0.000000
281474976710655.000000	9.569718	2600	0.000000
281474976710655.000000	9.546607	2601	0.000000
281474976710655.000000	9.532468	2602	0.000000
281474976710655.000000	9.567096	2603	0.000000
281474976710655.000000	9.582639	2604	0.000000
281474976710655.000000	9.483533	2605	0.000000
281474976710655.000000	9.362546	2606	0.000000
281474976710655.000000	9.589166	2607	0.000000
281474976710655.000000	9.363377	2608	0.000000
281474976710655.000000	9.546313	2609	0.000000
281474976710655.000000	9.458743	2610	0.000000
281474976710655.000000	9.379701	2611	0.000000
281474976710655.000000	9.316031	2612	0.000000
281474976710655.000000	9.281822	2613	0.000000
281474976710655.000000	9.420662	2614	0.000000
281474976710655.000000	9.243476	2615	0.000000
281474976710655.000000	9.364483	2616	0.000000
281474976710655.000000	9.388324	2617	0.000000
281474976710655.000000	9.273319	2618	0.000000
281474976710655.000000	9.405212	2619	0.000000
281474976710655.000000	9.435649	2620	0.000000
281474976710655.000000	9.364135	2621	0.000000
281474976710655.000000	9.227162	2622	0.000000
281474976710655.000000	9.154950	2623	0.000000
281474976710655.000000	9.161975	2624	0.000000
281474976710655.000000	9.179184	2625	0.000000
281474976710655.000000	9.177566	2626	0.000000
281474976710655.000000	9.279550	2627	0.000000
281474976710655.000000	9.263977	2628	0.000000
281474976710655.000000	9.200787	2629	0.000000
281474976710655.000000	9.290172	2630	0.000000
281474976710655.000000	9.068706	2631	0.000000
281474976710655.000000	9.170015	2632	0.000000
281474976710655.000000	9.274830	2633	0.000000
281474976710655.000000	9.178741	2634	0.000000
281474976710655.000000	9.080444	2635	0.000000
281474976710655.000000	9.001238	2636	0.000000
281474976710655.000000	9.025860	2637	0.000000
281474976710655.000000	8.980887	2638	0.000000
281474976710655.000000	8.896658	2639	0.000000
281474976710655.000000	9.077926	2640	0.000000
281474976710655.000000	9.092070	2641	0.000000
281474976710655.000000	9.079998	2642	0.000000
281474976710655.000000	9.087139	2643	0.000000
281474976710655.000000	9.078668	2644	0.000000
281474976710655.000000	8.900497	2645	0.000000
281474976710655.000000	9.015001	2646	0.000000
281474976710655.000000	9.028071	2647	0.000000
281474976710655.000000	8.939624	2648	0.000000
281474976710655.000000	9.021739	2649	0.000000
281474976710655.000000	8.897067	2650	0.000000
281474976710655.000000	8.843038	2651	0.000000
281474976710655.000000	9.059427	2652	0.000000
281474976710655.000000	8.819555	2653	0.000000
281474976710655.000000	9.094878	2654	0.000000
281474976710655.000000	8.859620	2655	0.000000
281474976710655.000000	8.968542	2656	0.000000
281474976710655.000000	8.777860	2657	0.000000
281474976710655.000000	8.913390	2658	0.000000
281474976710655.000000	8.794269	2659	0.000000
281474976710655.000000	9.013616	2660	0.000000
281474976710655.000000	8.706623	2661	0.000000
281474976710655.000000	8.770716	2662	0.000000
281474976710655.000000	8.891865	2663	0.000000
281474976710655.000000	8.811502	2664	0.000000
281474976710655.000000	8.999296	2665	0.000000
281474976710655.000000	8.726014	2666	0.000000
281474976710655.000000	8.689036	2667	0.000000
281474976710655.000000	8.730950	2668	0.000000
281474976710655.000000	8.699200	2669	0.000000
281474976710655.000000	8.775145	2670	0.000000
281474976710655.000000	8.768972	2671	0.000000
281474976710655.000000	8.765162	2672	0.000000
281474976710655.000000	8.709170	2673	0.000000
281474976710655.000000	8.774141	2674	0.000000
281474976710655.000000	8.704332	2675	0.000000
281474976710655.000000	8.758437	2676	0.000000
281474976710655.000000	8.823287	2677	0.000000
281474976710655.000000	8.690578	2678	0.000000
281474976710655.000000	8.708292	2679	0.000000
281474976710655.000000	8.645853	2680	0.000000
281474976710655.000000	8.593893	2681	0.000000
281474976710655.000000	8.537142	2682	0.000000
281474976710655.000000	8.569657	2683	0.000000
281474976710655.000000	8.655239	2684	0.000000
281474976710655.000000	8.502418	2685	0.000000
281474976710655.000000	8.514977	2686	0.000000
281474976710655.000000	8.474484	2687	0.000000
281474976710655.000000	8.651168	2688	0.000000
281474976710655.000000	8.561643	2689	0.000000
281474976710655.000000	8.549366	2690	0.000000
281474976710655.000000	8.533235	2691	0.000000
281474976710655.000000	8.545993	2692	0.000000
281474976710655.000000	8.428975	2693	0.000000
281474976710655.000000	8.531855	2694	0.000000
281474976710655.000000	8.399277	2695	0.000000
281474976710655.000000	8.470853	2696	0.000000
281474976710655.000000	8.477063	2697	0.000000
281474976710655.000000	8.461512	2698	0.000000
281474976710655.000000	8.431538	2699	0.000000
281474976710655.000000	8.406519	2700	0.000000
281474976710655.000000	8.430351	2701	0.000000
281474976710655.000000	8.390121	2702	0.000000
281474976710655.000000	8.504941	2703	0.000000
281474976710655.000000	8.339289	2704	0.000000
281474976710655.000000	8.320706	2705	0.000000
281474976710655.000000	8.429722	2706	0.000000
281474976710655.000000	8.294653	2707	0.000000
281474976710655.000000	8.517154	2708	0.000000
281474976710655.000000	8.366133	2709	0.000000
281474976710655.000000	8.323413	2710	0.000000
281474976710655.000000	8.365377	2711	0.000000
281474976710655.000000	8.260284	2712	0.000000
281474976710655.000000	8.273234	2713	0.000000
281474976710655.000000	8.290313	2714	0.000000
281474976710655.000000	8.266674	2715	0.000000
281474976710655.000000	8.216241	2716	0.000000
281474976710655.000000	8.119641	2717	0.000000
281474976710655.000000	8.296316	2718	0.000000
281474976710655.000000	8.230478	2719	0.000000
281474976710655.000000	8.241426	2720	0.000000
281474976710655.000000	8.308300	2721	0.000000
281474976710655.000000	8.243236	2722	0.000000
281474976710655.000000	8.230297	2723	0.000000
281474976710655.000000	8.309283	2724	0.000000
281474976710655.000000	8.162811	2725	0.000000
281474976710655.000000	8.186909	2726	0.000000
281474976710655.000000	8.224412	2727	0.000000
281474976710655.000000	8.170191	2728	0.000000
281474976710655.000000	8.052735	2729	0.000000
281474976710655.000000	8.100518	2730	0.000000
281474976710655.000000	8.086516	2731	0.000000
281474976710655.000000	8.195842	2732	0.000000
281474976710655.000000	8.049437	2733	0.000000
281474976710655.000000	8.178142	2734	0.000000
281474976710655.000000	8.078044	2735	0.000000
281474976710655.000000	8.053883	2736	0.000000
281474976710655.000000	8.080018	2737	0.000000
281474976710655.000000	7.942214	2738	0.000000
281474976710655.000000	8.027129	2739	0.000000
281474976710655.000000	8.032753	2740	0.000000
281474976710655.000000	7.914474	2741	0.000000
281474976710655.000000	7.895887	2742	0.000000
281474976710655.000000	7.974088	2743	0.000000
281474976710655.000000	8.032897	2744	0.000000
